1409617876,s1-eth1,0.00,0.00,0.00,0,0,0.00,0.00,0.00,0,0,0.00,0.00,0,0
1409617876,s1-eth2,0.00,0.00,0.00,0,0,0.00,0.00,0.00,0,0,0.00,0.00,0,0
1409617876,s2-eth1,0.00,0.00,0.00,0,0,0.00,0.00,0.00,0,0,0.00,0.00,0,0
1409617876,s2-eth2,0.00,0.00,0.00,0,0,0.00,0.00,0.00,0,0,0.00,0.00,0,0
1409617876,s3-eth1,0.00,0.00,0.00,0,0,0.00,0.00,0.00,0,0,0.00,0.00,0,0
1409617876,s3-eth2,0.00,0.00,0.00,0,0,0.00,0.00,0.00,0,0,0.00,0.00,0,0
1409617876,eth0,0.00,0.00,0.00,0,0,0.00,0.00,0.00,0,0,0.00,0.00,0,0
1409617876,lo,0.00,0.00,0.00,0,0,0.00,0.00,0.00,0,0,0.00,0.00,0,0
1409617876,total,0.00,0.00,0.00,0,0,0.00,0.00,0.00,0,0,0.00,0.00,0,0
1409617877,s1-eth1,45894.11,2084293.75,2130187.75,2086378,45940,695.30,1381.62,2076.92,1383,696,0.00,0.00,0,0
1409617877,s1-eth2,2035894.12,46883.12,2082777.25,46930,2037930,1349.65,710.29,2059.94,711,1351,0.00,0.00,0,0
1409617877,s2-eth1,46883.12,2035894.12,2082777.25,2037930,46930,710.29,1349.65,2059.94,1351,711,0.00,0.00,0,0
1409617877,s2-eth2,1963934.12,48004.00,2011938.12,48052,1965898,1301.70,727.27,2028.97,728,1303,0.00,0.00,0,0
1409617877,s3-eth1,1965898.00,48052.00,2013950.00,48052,1965898,1303.00,728.00,2031.00,728,1303,0.00,0.00,0,0
1409617877,s3-eth2,48052.00,1965898.00,2013950.00,1965898,48052,728.00,1303.00,2031.00,1303,728,0.00,0.00,0,0
1409617877,eth0,0.00,180.00,180.00,180,0,0.00,3.00,3.00,3,0,0.00,0.00,0,0
1409617877,lo,1660.00,1660.00,3320.00,1660,1660,19.00,19.00,38.00,19,19,0.00,0.00,0,0
1409617877,total,6112308.00,6235080.00,12347388.00,6235080,6112308,6111.00,6226.00,12337.00,6226,6111,0.00,0.00,0,0
1409617878,s1-eth1,117504.00,5224582.00,5342086.00,5224582,117504,1780.00,3455.00,5235.00,3455,1780,0.00,0.00,0,0
1409617878,s1-eth2,5210956.00,117438.00,5328394.00,117438,5210956,3446.00,1779.00,5225.00,1779,3446,0.00,0.00,0,0
1409617878,s2-eth1,117438.00,5210956.00,5328394.00,5210956,117438,1779.00,3446.00,5225.00,3446,1779,0.00,0.00,0,0
1409617878,s2-eth2,5219400.00,117702.00,5337102.00,117702,5219400,3452.00,1783.00,5235.00,1783,3452,0.00,0.00,0,0
1409617878,s3-eth1,5157326.00,119022.00,5276348.00,119022,5157326,3411.00,1803.00,5214.00,1803,3411,0.00,0.00,0,0
1409617878,s3-eth2,117702.00,5219400.00,5337102.00,5219400,117702,1783.00,3452.00,5235.00,3452,1783,0.00,0.00,0,0
1409617878,eth0,0.00,120.00,120.00,120,0,0.00,2.00,2.00,2,0,0.00,0.00,0,0
1409617878,lo,864.00,864.00,1728.00,864,864,9.00,9.00,18.00,9,9,0.00,0.00,0,0
1409617878,total,15941190.00,16010084.00,31951274.00,16010084,15941190,15660.00,15729.00,31389.00,15729,15660,0.00,0.00,0,0
1409617879,s1-eth1,138204.00,6252822.00,6391026.00,6252822,138204,2094.00,4135.00,6229.00,4135,2094,0.00,0.00,0,0
1409617879,s1-eth2,6251308.00,138138.00,6389446.00,138138,6251308,4134.00,2093.00,6227.00,2093,4134,0.00,0.00,0,0
1409617879,s2-eth1,138138.00,6251308.00,6389446.00,6251308,138138,2093.00,4134.00,6227.00,4134,2093,0.00,0.00,0,0
1409617879,s2-eth2,6252822.00,138138.00,6390960.00,138138,6252822,4135.00,2093.00,6228.00,2093,4135,0.00,0.00,0,0
1409617879,s3-eth1,6252822.00,138204.00,6391026.00,138204,6252822,4135.00,2094.00,6229.00,2094,4135,0.00,0.00,0,0
1409617879,s3-eth2,138138.00,6252822.00,6390960.00,6252822,138138,2093.00,4135.00,6228.00,4135,2093,0.00,0.00,0,0
1409617879,eth0,0.00,120.00,120.00,120,0,0.00,2.00,2.00,2,0,0.00,0.00,0,0
1409617879,lo,0.00,0.00,0.00,0,0,0.00,0.00,0.00,0,0,0.00,0.00,0,0
1409617879,total,19171432.00,19171552.00,38342984.00,19171552,19171432,18684.00,18686.00,37370.00,18686,18684,0.00,0.00,0,0
1409617880,s1-eth1,136356.00,6252960.00,6389316.00,6252960,136356,2066.00,4132.00,6198.00,4132,2066,0.00,0.00,0,0
1409617880,s1-eth2,6252960.00,136422.00,6389382.00,136422,6252960,4132.00,2067.00,6199.00,2067,4132,0.00,0.00,0,0
1409617880,s2-eth1,136422.00,6252960.00,6389382.00,6252960,136422,2067.00,4132.00,6199.00,4132,2067,0.00,0.00,0,0
1409617880,s2-eth2,6252960.00,136422.00,6389382.00,136422,6252960,4132.00,2067.00,6199.00,2067,4132,0.00,0.00,0,0
1409617880,s3-eth1,6252960.00,136356.00,6389316.00,136356,6252960,4132.00,2066.00,6198.00,2066,4132,0.00,0.00,0,0
1409617880,s3-eth2,136422.00,6252960.00,6389382.00,6252960,136422,2067.00,4132.00,6199.00,4132,2067,0.00,0.00,0,0
1409617880,eth0,0.00,656.00,656.00,656,0,0.00,6.00,6.00,6,0,0.00,0.00,0,0
1409617880,lo,0.00,0.00,0.00,0,0,0.00,0.00,0.00,0,0,0.00,0.00,0,0
1409617880,total,19168080.00,19168736.00,38336816.00,19168736,19168080,18596.00,18602.00,37198.00,18602,18596,0.00,0.00,0,0
1409617881,s1-eth1,132598.00,6229024.00,6361622.00,6229024,132598,2009.00,4122.00,6131.00,4122,2009,0.00,0.00,0,0
1409617881,s1-eth2,6229024.00,132598.00,6361622.00,132598,6229024,4122.00,2009.00,6131.00,2009,4122,0.00,0.00,0,0
1409617881,s2-eth1,132598.00,6229024.00,6361622.00,6229024,132598,2009.00,4122.00,6131.00,4122,2009,0.00,0.00,0,0
1409617881,s2-eth2,6229024.00,132598.00,6361622.00,132598,6229024,4122.00,2009.00,6131.00,2009,4122,0.00,0.00,0,0
1409617881,s3-eth1,6229024.00,132598.00,6361622.00,132598,6229024,4122.00,2009.00,6131.00,2009,4122,0.00,0.00,0,0
1409617881,s3-eth2,132598.00,6229024.00,6361622.00,6229024,132598,2009.00,4122.00,6131.00,4122,2009,0.00,0.00,0,0
1409617881,eth0,0.00,60.00,60.00,60,0,0.00,1.00,1.00,1,0,0.00,0.00,0,0
1409617881,lo,1608.00,1608.00,3216.00,1608,1608,18.00,18.00,36.00,18,18,0.00,0.00,0,0
1409617881,total,19086474.00,19086534.00,38173008.00,19086534,19086474,18411.00,18412.00,36823.00,18412,18411,0.00,0.00,0,0
1409617882,s1-eth1,136356.00,6251542.00,6387898.00,6251542,136356,2066.00,4135.00,6201.00,4135,2066,0.00,0.00,0,0
1409617882,s1-eth2,6251542.00,136422.00,6387964.00,136422,6251542,4135.00,2067.00,6202.00,2067,4135,0.00,0.00,0,0
1409617882,s2-eth1,136422.00,6251542.00,6387964.00,6251542,136422,2067.00,4135.00,6202.00,4135,2067,0.00,0.00,0,0
1409617882,s2-eth2,6250028.00,136356.00,6386384.00,136356,6250028,4134.00,2066.00,6200.00,2066,4134,0.00,0.00,0,0
1409617882,s3-eth1,6249794.00,136488.00,6386282.00,136488,6249794,4133.00,2068.00,6201.00,2068,4133,0.00,0.00,0,0
1409617882,s3-eth2,136356.00,6250028.00,6386384.00,6250028,136356,2066.00,4134.00,6200.00,4134,2066,0.00,0.00,0,0
1409617882,eth0,0.00,60.00,60.00,60,0,0.00,1.00,1.00,1,0,0.00,0.00,0,0
1409617882,lo,0.00,0.00,0.00,0,0,0.00,0.00,0.00,0,0,0.00,0.00,0,0
1409617882,total,19160498.00,19162438.00,38322936.00,19162438,19160498,18601.00,18606.00,37207.00,18606,18601,0.00,0.00,0,0
1409617883,s1-eth1,136620.00,6252126.00,6388746.00,6252126,136620,2070.00,4135.00,6205.00,4135,2070,0.00,0.00,0,0
1409617883,s1-eth2,6252126.00,136554.00,6388680.00,136554,6252126,4135.00,2069.00,6204.00,2069,4135,0.00,0.00,0,0
1409617883,s2-eth1,136554.00,6252126.00,6388680.00,6252126,136554,2069.00,4135.00,6204.00,4135,2069,0.00,0.00,0,0
1409617883,s2-eth2,6253640.00,136620.00,6390260.00,136620,6253640,4136.00,2070.00,6206.00,2070,4136,0.00,0.00,0,0
1409617883,s3-eth1,6253874.00,136554.00,6390428.00,136554,6253874,4137.00,2069.00,6206.00,2069,4137,0.00,0.00,0,0
1409617883,s3-eth2,136620.00,6253640.00,6390260.00,6253640,136620,2070.00,4136.00,6206.00,4136,2070,0.00,0.00,0,0
1409617883,eth0,0.00,0.00,0.00,0,0,0.00,0.00,0.00,0,0,0.00,0.00,0,0
1409617883,lo,0.00,0.00,0.00,0,0,0.00,0.00,0.00,0,0,0.00,0.00,0,0
1409617883,total,19169434.00,19167620.00,38337056.00,19167620,19169434,18617.00,18614.00,37231.00,18614,18617,0.00,0.00,0,0
1409617884,s1-eth1,136356.00,6252360.00,6388716.00,6252360,136356,2066.00,4136.00,6202.00,4136,2066,0.00,0.00,0,0
1409617884,s1-eth2,6252360.00,136356.00,6388716.00,136356,6252360,4136.00,2066.00,6202.00,2066,4136,0.00,0.00,0,0
1409617884,s2-eth1,136356.00,6252360.00,6388716.00,6252360,136356,2066.00,4136.00,6202.00,4136,2066,0.00,0.00,0,0
1409617884,s2-eth2,6252360.00,136290.00,6388650.00,136290,6252360,4136.00,2065.00,6201.00,2065,4136,0.00,0.00,0,0
1409617884,s3-eth1,6247818.00,136290.00,6384108.00,136290,6247818,4133.00,2065.00,6198.00,2065,4133,0.00,0.00,0,0
1409617884,s3-eth2,136356.00,6252360.00,6388716.00,6252360,136356,2066.00,4136.00,6202.00,4136,2066,0.00,0.00,0,0
1409617884,eth0,0.00,0.00,0.00,0,0,0.00,0.00,0.00,0,0,0.00,0.00,0,0
1409617884,lo,0.00,0.00,0.00,0,0,0.00,0.00,0.00,0,0,0.00,0.00,0,0
1409617884,total,19161606.00,19166016.00,38327624.00,19166016,19161606,18603.00,18604.00,37207.00,18604,18603,0.00,0.00,0,0
1409617885,s1-eth1,136756.00,6252398.00,6389154.00,6252398,136756,2072.00,4137.00,6209.00,4137,2072,0.00,0.00,0,0
1409617885,s1-eth2,6253912.00,136756.00,6390668.00,136756,6253912,4138.00,2072.00,6210.00,2072,4138,0.00,0.00,0,0
1409617885,s2-eth1,136756.00,6253912.00,6390668.00,6253912,136756,2072.00,4138.00,6210.00,4138,2072,0.00,0.00,0,0
1409617885,s2-eth2,6252398.00,136756.00,6389154.00,136756,6252398,4137.00,2072.00,6209.00,2072,4137,0.00,0.00,0,0
1409617885,s3-eth1,6256940.00,136756.00,6393696.00,136756,6256940,4140.00,2072.00,6212.00,2072,4140,0.00,0.00,0,0
1409617885,s3-eth2,136690.00,6252398.00,6389088.00,6252398,136690,2071.00,4137.00,6208.00,4137,2071,0.00,0.00,0,0
1409617885,eth0,0.00,0.00,0.00,0,0,0.00,0.00,0.00,0,0,0.00,0.00,0,0
1409617885,lo,2472.00,2472.00,4944.00,2472,2472,27.00,27.00,54.00,27,27,0.00,0.00,0,0
1409617885,total,19175924.00,19171448.00,38347372.00,19171448,19175924,18657.00,18655.00,37312.00,18655,18657,0.00,0.00,0,0
1409617886,s1-eth1,134112.00,6155276.00,6289388.00,6155276,134112,2032.00,4070.00,6102.00,4070,2032,0.00,0.00,0,0
1409617886,s1-eth2,6147706.00,134112.00,6281818.00,134112,6147706,4065.00,2032.00,6097.00,2032,4065,0.00,0.00,0,0
1409617886,s2-eth1,134112.00,6147706.00,6281818.00,6147706,134112,2032.00,4065.00,6097.00,4065,2032,0.00,0.00,0,0
1409617886,s2-eth2,6147706.00,134178.00,6281884.00,134178,6147706,4065.00,2033.00,6098.00,2033,4065,0.00,0.00,0,0
1409617886,s3-eth1,6147706.00,134112.00,6281818.00,134112,6147706,4065.00,2032.00,6097.00,2032,4065,0.00,0.00,0,0
1409617886,s3-eth2,134178.00,6147706.00,6281884.00,6147706,134178,2033.00,4065.00,6098.00,4065,2033,0.00,0.00,0,0
1409617886,eth0,0.00,0.00,0.00,0,0,0.00,0.00,0.00,0,0,0.00,0.00,0,0
1409617886,lo,0.00,0.00,0.00,0,0,0.00,0.00,0.00,0,0,0.00,0.00,0,0
1409617886,total,18845520.00,18853090.00,37698608.00,18853090,18845520,18292.00,18297.00,36589.00,18297,18292,0.00,0.00,0,0
1409617887,s1-eth1,136356.00,6252106.00,6388462.00,6252106,136356,2066.00,4133.00,6199.00,4133,2066,0.00,0.00,0,0
1409617887,s1-eth2,6250592.00,136356.00,6386948.00,136356,6250592,4132.00,2066.00,6198.00,2066,4132,0.00,0.00,0,0
1409617887,s2-eth1,136356.00,6250592.00,6386948.00,6250592,136356,2066.00,4132.00,6198.00,4132,2066,0.00,0.00,0,0
1409617887,s2-eth2,6252106.00,136290.00,6388396.00,136290,6252106,4133.00,2065.00,6198.00,2065,4133,0.00,0.00,0,0
1409617887,s3-eth1,6250592.00,136356.00,6386948.00,136356,6250592,4132.00,2066.00,6198.00,2066,4132,0.00,0.00,0,0
1409617887,s3-eth2,136290.00,6252106.00,6388396.00,6252106,136290,2065.00,4133.00,6198.00,4133,2065,0.00,0.00,0,0
1409617887,eth0,0.00,0.00,0.00,0,0,0.00,0.00,0.00,0,0,0.00,0.00,0,0
1409617887,lo,0.00,0.00,0.00,0,0,0.00,0.00,0.00,0,0,0.00,0.00,0,0
1409617887,total,19162292.00,19163806.00,38326096.00,19163806,19162292,18594.00,18595.00,37189.00,18595,18594,0.00,0.00,0,0
1409617888,s1-eth1,136488.00,6250902.00,6387390.00,6250902,136488,2068.00,4135.00,6203.00,4135,2068,0.00,0.00,0,0
1409617888,s1-eth2,6252416.00,136422.00,6388838.00,136422,6252416,4136.00,2067.00,6203.00,2067,4136,0.00,0.00,0,0
1409617888,s2-eth1,136422.00,6252416.00,6388838.00,6252416,136422,2067.00,4136.00,6203.00,4136,2067,0.00,0.00,0,0
1409617888,s2-eth2,6252416.00,136488.00,6388904.00,136488,6252416,4136.00,2068.00,6204.00,2068,4136,0.00,0.00,0,0
1409617888,s3-eth1,6252416.00,136488.00,6388904.00,136488,6252416,4136.00,2068.00,6204.00,2068,4136,0.00,0.00,0,0
1409617888,s3-eth2,136488.00,6252416.00,6388904.00,6252416,136488,2068.00,4136.00,6204.00,4136,2068,0.00,0.00,0,0
1409617888,eth0,0.00,0.00,0.00,0,0,0.00,0.00,0.00,0,0,0.00,0.00,0,0
1409617888,lo,0.00,0.00,0.00,0,0,0.00,0.00,0.00,0,0,0.00,0.00,0,0
1409617888,total,19166646.00,19165132.00,38331776.00,19165132,19166646,18611.00,18610.00,37221.00,18610,18611,0.00,0.00,0,0
1409617889,s1-eth1,136422.00,6251542.00,6387964.00,6251542,136422,2067.00,4135.00,6202.00,4135,2067,0.00,0.00,0,0
1409617889,s1-eth2,6251542.00,136488.00,6388030.00,136488,6251542,4135.00,2068.00,6203.00,2068,4135,0.00,0.00,0,0
1409617889,s2-eth1,136488.00,6251542.00,6388030.00,6251542,136488,2068.00,4135.00,6203.00,4135,2068,0.00,0.00,0,0
1409617889,s2-eth2,6251542.00,136422.00,6387964.00,136422,6251542,4135.00,2067.00,6202.00,2067,4135,0.00,0.00,0,0
1409617889,s3-eth1,6251542.00,136422.00,6387964.00,136422,6251542,4135.00,2067.00,6202.00,2067,4135,0.00,0.00,0,0
1409617889,s3-eth2,136422.00,6251542.00,6387964.00,6251542,136422,2067.00,4135.00,6202.00,4135,2067,0.00,0.00,0,0
1409617889,eth0,0.00,0.00,0.00,0,0,0.00,0.00,0.00,0,0,0.00,0.00,0,0
1409617889,lo,516.00,516.00,1032.00,516,516,9.00,9.00,18.00,9,9,0.00,0.00,0,0
1409617889,total,19164474.00,19164474.00,38328948.00,19164474,19164474,18616.00,18616.00,37232.00,18616,18616,0.00,0.00,0,0
1409617890,s1-eth1,136554.00,6252360.00,6388914.00,6252360,136554,2069.00,4136.00,6205.00,4136,2069,0.00,0.00,0,0
1409617890,s1-eth2,6252126.00,136488.00,6388614.00,136488,6252126,4135.00,2068.00,6203.00,2068,4135,0.00,0.00,0,0
1409617890,s2-eth1,136488.00,6252126.00,6388614.00,6252126,136488,2068.00,4135.00,6203.00,4135,2068,0.00,0.00,0,0
1409617890,s2-eth2,6252126.00,136554.00,6388680.00,136554,6252126,4135.00,2069.00,6204.00,2069,4135,0.00,0.00,0,0
1409617890,s3-eth1,6252126.00,136554.00,6388680.00,136554,6252126,4135.00,2069.00,6204.00,2069,4135,0.00,0.00,0,0
1409617890,s3-eth2,136554.00,6252126.00,6388680.00,6252126,136554,2069.00,4135.00,6204.00,4135,2069,0.00,0.00,0,0
1409617890,eth0,0.00,60.00,60.00,60,0,0.00,1.00,1.00,1,0,0.00,0.00,0,0
1409617890,lo,0.00,0.00,0.00,0,0,0.00,0.00,0.00,0,0,0.00,0.00,0,0
1409617890,total,19165974.00,19166268.00,38332240.00,19166268,19165974,18611.00,18613.00,37224.00,18613,18611,0.00,0.00,0,0
1409617891,s1-eth1,136488.00,6253056.00,6389544.00,6253056,136488,2068.00,4136.00,6204.00,4136,2068,0.00,0.00,0,0
1409617891,s1-eth2,6252360.00,136554.00,6388914.00,136554,6252360,4136.00,2069.00,6205.00,2069,4136,0.00,0.00,0,0
1409617891,s2-eth1,136554.00,6252360.00,6388914.00,6252360,136554,2069.00,4136.00,6205.00,4136,2069,0.00,0.00,0,0
1409617891,s2-eth2,6250846.00,136488.00,6387334.00,136488,6250846,4135.00,2068.00,6203.00,2068,4135,0.00,0.00,0,0
1409617891,s3-eth1,6252360.00,136488.00,6388848.00,136488,6252360,4136.00,2068.00,6204.00,2068,4136,0.00,0.00,0,0
1409617891,s3-eth2,136488.00,6250846.00,6387334.00,6250846,136488,2068.00,4135.00,6203.00,4135,2068,0.00,0.00,0,0
1409617891,eth0,0.00,120.00,120.00,120,0,0.00,2.00,2.00,2,0,0.00,0.00,0,0
1409617891,lo,0.00,0.00,0.00,0,0,0.00,0.00,0.00,0,0,0.00,0.00,0,0
1409617891,total,19165096.00,19165912.00,38331008.00,19165912,19165096,18612.00,18614.00,37226.00,18614,18612,0.00,0.00,0,0
1409617892,s1-eth1,135960.00,6233648.00,6369608.00,6233648,135960,2060.00,4120.00,6180.00,4120,2060,0.00,0.00,0,0
1409617892,s1-eth2,6234578.00,135960.00,6370538.00,135960,6234578,4121.00,2060.00,6181.00,2060,4121,0.00,0.00,0,0
1409617892,s2-eth1,135960.00,6234578.00,6370538.00,6234578,135960,2060.00,4121.00,6181.00,4121,2060,0.00,0.00,0,0
1409617892,s2-eth2,6233064.00,135696.00,6368760.00,135696,6233064,4120.00,2056.00,6176.00,2056,4120,0.00,0.00,0,0
1409617892,s3-eth1,6231550.00,135960.00,6367510.00,135960,6231550,4119.00,2060.00,6179.00,2060,4119,0.00,0.00,0,0
1409617892,s3-eth2,135696.00,6233064.00,6368760.00,6233064,135696,2056.00,4120.00,6176.00,4120,2056,0.00,0.00,0,0
1409617892,eth0,0.00,120.00,120.00,120,0,0.00,2.00,2.00,2,0,0.00,0.00,0,0
1409617892,lo,0.00,0.00,0.00,0,0,0.00,0.00,0.00,0,0,0.00,0.00,0,0
1409617892,total,19106808.00,19109026.00,38215832.00,19109026,19106808,18536.00,18539.00,37075.00,18539,18536,0.00,0.00,0,0
1409617893,s1-eth1,134112.00,6253732.00,6387844.00,6253732,134112,2032.00,4134.00,6166.00,4134,2032,0.00,0.00,0,0
1409617893,s1-eth2,6253732.00,133320.00,6387052.00,133320,6253732,4134.00,2020.00,6154.00,2020,4134,0.00,0.00,0,0
1409617893,s2-eth1,133320.00,6253732.00,6387052.00,6253732,133320,2020.00,4134.00,6154.00,4134,2020,0.00,0.00,0,0
1409617893,s2-eth2,6253732.00,132264.00,6385996.00,132264,6253732,4134.00,2004.00,6138.00,2004,4134,0.00,0.00,0,0
1409617893,s3-eth1,6253732.00,134178.00,6387910.00,134178,6253732,4134.00,2033.00,6167.00,2033,4134,0.00,0.00,0,0
1409617893,s3-eth2,132264.00,6253732.00,6385996.00,6253732,132264,2004.00,4134.00,6138.00,4134,2004,0.00,0.00,0,0
1409617893,eth0,0.00,180.00,180.00,180,0,0.00,3.00,3.00,3,0,0.00,0.00,0,0
1409617893,lo,0.00,0.00,0.00,0,0,0.00,0.00,0.00,0,0,0.00,0.00,0,0
1409617893,total,19160892.00,19161138.00,38322032.00,19161138,19160892,18458.00,18462.00,36920.00,18462,18458,0.00,0.00,0,0
1409617894,s1-eth1,135564.00,6195514.00,6331078.00,6195514,135564,2054.00,4097.00,6151.00,4097,2054,0.00,0.00,0,0
1409617894,s1-eth2,6203084.00,136356.00,6339440.00,136356,6203084,4102.00,2066.00,6168.00,2066,4102,0.00,0.00,0,0
1409617894,s2-eth1,136356.00,6203084.00,6339440.00,6203084,136356,2066.00,4102.00,6168.00,4102,2066,0.00,0.00,0,0
1409617894,s2-eth2,6206112.00,137742.00,6343854.00,137742,6206112,4104.00,2087.00,6191.00,2087,4104,0.00,0.00,0,0
1409617894,s3-eth1,6206112.00,135564.00,6341676.00,135564,6206112,4104.00,2054.00,6158.00,2054,4104,0.00,0.00,0,0
1409617894,s3-eth2,137742.00,6206112.00,6343854.00,6206112,137742,2087.00,4104.00,6191.00,4104,2087,0.00,0.00,0,0
1409617894,eth0,0.00,120.00,120.00,120,0,0.00,2.00,2.00,2,0,0.00,0.00,0,0
1409617894,lo,516.00,516.00,1032.00,516,516,9.00,9.00,18.00,9,9,0.00,0.00,0,0
1409617894,total,19025486.00,19015008.00,38040496.00,19015008,19025486,18526.00,18521.00,37047.00,18521,18526,0.00,0.00,0,0
1409617895,s1-eth1,135564.00,6226566.00,6362130.00,6226566,135564,2054.00,4119.00,6173.00,4119,2054,0.00,0.00,0,0
1409617895,s1-eth2,6214454.00,135630.00,6350084.00,135630,6214454,4111.00,2055.00,6166.00,2055,4111,0.00,0.00,0,0
1409617895,s2-eth1,135630.00,6214454.00,6350084.00,6214454,135630,2055.00,4111.00,6166.00,4111,2055,0.00,0.00,0,0
1409617895,s2-eth2,6209912.00,135630.00,6345542.00,135630,6209912,4108.00,2055.00,6163.00,2055,4108,0.00,0.00,0,0
1409617895,s3-eth1,6209912.00,135564.00,6345476.00,135564,6209912,4108.00,2054.00,6162.00,2054,4108,0.00,0.00,0,0
1409617895,s3-eth2,135630.00,6209912.00,6345542.00,6209912,135630,2055.00,4108.00,6163.00,4108,2055,0.00,0.00,0,0
1409617895,eth0,0.00,120.00,120.00,120,0,0.00,2.00,2.00,2,0,0.00,0.00,0,0
1409617895,lo,0.00,0.00,0.00,0,0,0.00,0.00,0.00,0,0,0.00,0.00,0,0
1409617895,total,19041102.00,19057876.00,38098976.00,19057876,19041102,18491.00,18504.00,36995.00,18504,18491,0.00,0.00,0,0
1409617896,s1-eth1,136554.00,6252360.00,6388914.00,6252360,136554,2069.00,4136.00,6205.00,4136,2069,0.00,0.00,0,0
1409617896,s1-eth2,6253874.00,136488.00,6390362.00,136488,6253874,4137.00,2068.00,6205.00,2068,4137,0.00,0.00,0,0
1409617896,s2-eth1,136488.00,6253874.00,6390362.00,6253874,136488,2068.00,4137.00,6205.00,4137,2068,0.00,0.00,0,0
1409617896,s2-eth2,6252360.00,136488.00,6388848.00,136488,6252360,4136.00,2068.00,6204.00,2068,4136,0.00,0.00,0,0
1409617896,s3-eth1,6252126.00,136554.00,6388680.00,136554,6252126,4135.00,2069.00,6204.00,2069,4135,0.00,0.00,0,0
1409617896,s3-eth2,136488.00,6252360.00,6388848.00,6252360,136488,2068.00,4136.00,6204.00,4136,2068,0.00,0.00,0,0
1409617896,eth0,60.00,240.00,300.00,240,60,1.00,4.00,5.00,4,1,0.00,0.00,0,0
1409617896,lo,0.00,0.00,0.00,0,0,0.00,0.00,0.00,0,0,0.00,0.00,0,0
1409617896,total,19167950.00,19168364.00,38336312.00,19168364,19167950,18614.00,18618.00,37232.00,18618,18614,0.00,0.00,0,0
1409617897,s1-eth1,136554.00,6253874.00,6390428.00,6253874,136554,2069.00,4137.00,6206.00,4137,2069,0.00,0.00,0,0
1409617897,s1-eth2,6252126.00,136554.00,6388680.00,136554,6252126,4135.00,2069.00,6204.00,2069,4135,0.00,0.00,0,0
1409617897,s2-eth1,136554.00,6252126.00,6388680.00,6252126,136554,2069.00,4135.00,6204.00,4135,2069,0.00,0.00,0,0
1409617897,s2-eth2,6253640.00,136488.00,6390128.00,136488,6253640,4136.00,2068.00,6204.00,2068,4136,0.00,0.00,0,0
1409617897,s3-eth1,6252360.00,136488.00,6388848.00,136488,6252360,4136.00,2068.00,6204.00,2068,4136,0.00,0.00,0,0
1409617897,s3-eth2,136488.00,6253640.00,6390128.00,6253640,136488,2068.00,4136.00,6204.00,4136,2068,0.00,0.00,0,0
1409617897,eth0,0.00,180.00,180.00,180,0,0.00,3.00,3.00,3,0,0.00,0.00,0,0
1409617897,lo,0.00,0.00,0.00,0,0,0.00,0.00,0.00,0,0,0.00,0.00,0,0
1409617897,total,19167722.00,19169350.00,38337072.00,19169350,19167722,18613.00,18616.00,37229.00,18616,18613,0.00,0.00,0,0
1409617898,s1-eth1,136488.00,6238494.00,6374982.00,6238494,136488,2068.00,4123.00,6191.00,4123,2068,0.00,0.00,0,0
1409617898,s1-eth2,6249326.00,136488.00,6385814.00,136488,6249326,4131.00,2068.00,6199.00,2068,4131,0.00,0.00,0,0
1409617898,s2-eth1,136488.00,6249326.00,6385814.00,6249326,136488,2068.00,4131.00,6199.00,4131,2068,0.00,0.00,0,0
1409617898,s2-eth2,6252354.00,136488.00,6388842.00,136488,6252354,4133.00,2068.00,6201.00,2068,4133,0.00,0.00,0,0
1409617898,s3-eth1,6253868.00,136488.00,6390356.00,136488,6253868,4134.00,2068.00,6202.00,2068,4134,0.00,0.00,0,0
1409617898,s3-eth2,136488.00,6252354.00,6388842.00,6252354,136488,2068.00,4133.00,6201.00,4133,2068,0.00,0.00,0,0
1409617898,eth0,0.00,120.00,120.00,120,0,0.00,2.00,2.00,2,0,0.00,0.00,0,0
1409617898,lo,0.00,0.00,0.00,0,0,0.00,0.00,0.00,0,0,0.00,0.00,0,0
1409617898,total,19165012.00,19149758.00,38314768.00,19149758,19165012,18602.00,18593.00,37195.00,18593,18602,0.00,0.00,0,0
1409617899,s1-eth1,136356.00,6251324.00,6387680.00,6251324,136356,2066.00,4130.00,6196.00,4130,2066,0.00,0.00,0,0
1409617899,s1-eth2,6252838.00,136290.00,6389128.00,136290,6252838,4131.00,2065.00,6196.00,2065,4131,0.00,0.00,0,0
1409617899,s2-eth1,136290.00,6252838.00,6389128.00,6252838,136290,2065.00,4131.00,6196.00,4131,2065,0.00,0.00,0,0
1409617899,s2-eth2,6252838.00,136356.00,6389194.00,136356,6252838,4131.00,2066.00,6197.00,2066,4131,0.00,0.00,0,0
1409617899,s3-eth1,6252838.00,136356.00,6389194.00,136356,6252838,4131.00,2066.00,6197.00,2066,4131,0.00,0.00,0,0
1409617899,s3-eth2,136356.00,6252838.00,6389194.00,6252838,136356,2066.00,4131.00,6197.00,4131,2066,0.00,0.00,0,0
1409617899,eth0,0.00,120.00,120.00,120,0,0.00,2.00,2.00,2,0,0.00,0.00,0,0
1409617899,lo,516.00,516.00,1032.00,516,516,9.00,9.00,18.00,9,9,0.00,0.00,0,0
1409617899,total,19168032.00,19166638.00,38334672.00,19166638,19168032,18599.00,18600.00,37199.00,18600,18599,0.00,0.00,0,0
1409617900,s1-eth1,135960.00,6242764.00,6378724.00,6242764,135960,2060.00,4126.00,6186.00,4126,2060,0.00,0.00,0,0
1409617900,s1-eth2,6241250.00,136026.00,6377276.00,136026,6241250,4125.00,2061.00,6186.00,2061,4125,0.00,0.00,0,0
1409617900,s2-eth1,136026.00,6241250.00,6377276.00,6241250,136026,2061.00,4125.00,6186.00,4125,2061,0.00,0.00,0,0
1409617900,s2-eth2,6236788.00,135564.00,6372352.00,135564,6236788,4122.00,2054.00,6176.00,2054,4122,0.00,0.00,0,0
1409617900,s3-eth1,6235274.00,135960.00,6371234.00,135960,6235274,4121.00,2060.00,6181.00,2060,4121,0.00,0.00,0,0
1409617900,s3-eth2,135564.00,6236788.00,6372352.00,6236788,135564,2054.00,4122.00,6176.00,4122,2054,0.00,0.00,0,0
1409617900,eth0,0.00,180.00,180.00,180,0,0.00,3.00,3.00,3,0,0.00,0.00,0,0
1409617900,lo,0.00,0.00,0.00,0,0,0.00,0.00,0.00,0,0,0.00,0.00,0,0
1409617900,total,19120862.00,19128532.00,38249392.00,19128532,19120862,18543.00,18551.00,37094.00,18551,18543,0.00,0.00,0,0
1409617901,s1-eth1,134967.03,6189091.00,6324058.00,6195280,135102,2044.96,4091.91,6136.86,4096,2047,0.00,0.00,0,0
1409617901,s1-eth2,6184553.50,134901.11,6319454.50,135036,6190738,4088.91,2043.96,6132.87,2046,4093,0.00,0.00,0,0
1409617901,s2-eth1,134901.11,6184553.50,6319454.50,6190738,135036,2043.96,4088.91,6132.87,4093,2046,0.00,0.00,0,0
1409617901,s2-eth2,6181448.50,135362.64,6316811.50,135498,6187630,4086.91,2050.95,6137.86,2053,4091,0.00,0.00,0,0
1409617901,s3-eth1,6182961.00,134967.03,6317928.00,135102,6189144,4087.91,2044.96,6132.87,2047,4092,0.00,0.00,0,0
1409617901,s3-eth2,135362.64,6181448.50,6316811.50,6187630,135498,2050.95,4086.91,6137.86,4091,2053,0.00,0.00,0,0
1409617901,eth0,0.00,59.94,59.94,60,0,0.00,1.00,1.00,1,0,0.00,0.00,0,0
1409617901,lo,0.00,0.00,0.00,0,0,0.00,0.00,0.00,0,0,0.00,0.00,0,0
1409617901,total,18954194.00,18960384.00,37914580.00,18979344,18973148,18403.60,18408.59,36812.19,18427,18422,0.00,0.00,0,0
1409617902,s1-eth1,135102.00,6178524.00,6313626.00,6178524,135102,2047.00,4086.00,6133.00,4086,2047,0.00,0.00,0,0
1409617902,s1-eth2,6183066.00,135168.00,6318234.00,135168,6183066,4089.00,2048.00,6137.00,2048,4089,0.00,0.00,0,0
1409617902,s2-eth1,135168.00,6183066.00,6318234.00,6183066,135168,2048.00,4089.00,6137.00,4089,2048,0.00,0.00,0,0
1409617902,s2-eth2,6192150.00,135102.00,6327252.00,135102,6192150,4095.00,2047.00,6142.00,2047,4095,0.00,0.00,0,0
1409617902,s3-eth1,6192150.00,135102.00,6327252.00,135102,6192150,4095.00,2047.00,6142.00,2047,4095,0.00,0.00,0,0
1409617902,s3-eth2,135102.00,6192150.00,6327252.00,6192150,135102,2047.00,4095.00,6142.00,4095,2047,0.00,0.00,0,0
1409617902,eth0,0.00,0.00,0.00,0,0,0.00,0.00,0.00,0,0,0.00,0.00,0,0
1409617902,lo,0.00,0.00,0.00,0,0,0.00,0.00,0.00,0,0,0.00,0.00,0,0
1409617902,total,18972738.00,18959112.00,37931848.00,18959112,18972738,18421.00,18412.00,36833.00,18412,18421,0.00,0.00,0,0
1409617903,s1-eth1,136422.00,6253082.00,6389504.00,6253082,136422,2067.00,4133.00,6200.00,4133,2067,0.00,0.00,0,0
1409617903,s1-eth2,6253082.00,136422.00,6389504.00,136422,6253082,4133.00,2067.00,6200.00,2067,4133,0.00,0.00,0,0
1409617903,s2-eth1,136422.00,6253082.00,6389504.00,6253082,136422,2067.00,4133.00,6200.00,4133,2067,0.00,0.00,0,0
1409617903,s2-eth2,6253082.00,136422.00,6389504.00,136422,6253082,4133.00,2067.00,6200.00,2067,4133,0.00,0.00,0,0
1409617903,s3-eth1,6253082.00,136422.00,6389504.00,136422,6253082,4133.00,2067.00,6200.00,2067,4133,0.00,0.00,0,0
1409617903,s3-eth2,136422.00,6253082.00,6389504.00,6253082,136422,2067.00,4133.00,6200.00,4133,2067,0.00,0.00,0,0
1409617903,eth0,0.00,0.00,0.00,0,0,0.00,0.00,0.00,0,0,0.00,0.00,0,0
1409617903,lo,0.00,0.00,0.00,0,0,0.00,0.00,0.00,0,0,0.00,0.00,0,0
1409617903,total,19168512.00,19168512.00,38337024.00,19168512,19168512,18600.00,18600.00,37200.00,18600,18600,0.00,0.00,0,0
1409617904,s1-eth1,134574.00,6224178.00,6358752.00,6224178,134574,2039.00,4117.00,6156.00,4117,2039,0.00,0.00,0,0
1409617904,s1-eth2,6224178.00,134508.00,6358686.00,134508,6224178,4117.00,2038.00,6155.00,2038,4117,0.00,0.00,0,0
1409617904,s2-eth1,134508.00,6224178.00,6358686.00,6224178,134508,2038.00,4117.00,6155.00,4117,2038,0.00,0.00,0,0
1409617904,s2-eth2,6224178.00,134574.00,6358752.00,134574,6224178,4117.00,2039.00,6156.00,2039,4117,0.00,0.00,0,0
1409617904,s3-eth1,6224178.00,134574.00,6358752.00,134574,6224178,4117.00,2039.00,6156.00,2039,4117,0.00,0.00,0,0
1409617904,s3-eth2,134574.00,6224178.00,6358752.00,6224178,134574,2039.00,4117.00,6156.00,4117,2039,0.00,0.00,0,0
1409617904,eth0,0.00,0.00,0.00,0,0,0.00,0.00,0.00,0,0,0.00,0.00,0,0
1409617904,lo,516.00,516.00,1032.00,516,516,9.00,9.00,18.00,9,9,0.00,0.00,0,0
1409617904,total,19076706.00,19076706.00,38153412.00,19076706,19076706,18476.00,18476.00,36952.00,18476,18476,0.00,0.00,0,0
1409617905,s1-eth1,136356.00,6251578.00,6387934.00,6251578,136356,2066.00,4133.00,6199.00,4133,2066,0.00,0.00,0,0
1409617905,s1-eth2,6251578.00,136422.00,6388000.00,136422,6251578,4133.00,2067.00,6200.00,2067,4133,0.00,0.00,0,0
1409617905,s2-eth1,136422.00,6251578.00,6388000.00,6251578,136422,2067.00,4133.00,6200.00,4133,2067,0.00,0.00,0,0
1409617905,s2-eth2,6251578.00,136356.00,6387934.00,136356,6251578,4133.00,2066.00,6199.00,2066,4133,0.00,0.00,0,0
1409617905,s3-eth1,6251578.00,136356.00,6387934.00,136356,6251578,4133.00,2066.00,6199.00,2066,4133,0.00,0.00,0,0
1409617905,s3-eth2,136356.00,6251578.00,6387934.00,6251578,136356,2066.00,4133.00,6199.00,4133,2066,0.00,0.00,0,0
1409617905,eth0,0.00,0.00,0.00,0,0,0.00,0.00,0.00,0,0,0.00,0.00,0,0
1409617905,lo,0.00,0.00,0.00,0,0,0.00,0.00,0.00,0,0,0.00,0.00,0,0
1409617905,total,19163868.00,19163868.00,38327736.00,19163868,19163868,18598.00,18598.00,37196.00,18598,18598,0.00,0.00,0,0
1409617906,s1-eth1,135960.00,6238490.00,6374450.00,6238490,135960,2060.00,4125.00,6185.00,4125,2060,0.00,0.00,0,0
1409617906,s1-eth2,6232434.00,135036.00,6367470.00,135036,6232434,4121.00,2046.00,6167.00,2046,4121,0.00,0.00,0,0
1409617906,s2-eth1,135036.00,6232434.00,6367470.00,6232434,135036,2046.00,4121.00,6167.00,4121,2046,0.00,0.00,0,0
1409617906,s2-eth2,6230920.00,135498.00,6366418.00,135498,6230920,4120.00,2053.00,6173.00,2053,4120,0.00,0.00,0,0
1409617906,s3-eth1,6230920.00,135960.00,6366880.00,135960,6230920,4120.00,2060.00,6180.00,2060,4120,0.00,0.00,0,0
1409617906,s3-eth2,135498.00,6230920.00,6366418.00,6230920,135498,2053.00,4120.00,6173.00,4120,2053,0.00,0.00,0,0
1409617906,eth0,0.00,0.00,0.00,0,0,0.00,0.00,0.00,0,0,0.00,0.00,0,0
1409617906,lo,0.00,0.00,0.00,0,0,0.00,0.00,0.00,0,0,0.00,0.00,0,0
1409617906,total,19100768.00,19108338.00,38209104.00,19108338,19100768,18520.00,18525.00,37045.00,18525,18520,0.00,0.00,0,0
1409617907,s1-eth1,136290.00,6233496.00,6369786.00,6233496,136290,2065.00,4124.00,6189.00,4124,2065,0.00,0.00,0,0
1409617907,s1-eth2,6239552.00,137214.00,6376766.00,137214,6239552,4128.00,2079.00,6207.00,2079,4128,0.00,0.00,0,0
1409617907,s2-eth1,137214.00,6239552.00,6376766.00,6239552,137214,2079.00,4128.00,6207.00,4128,2079,0.00,0.00,0,0
1409617907,s2-eth2,6241066.00,136752.00,6377818.00,136752,6241066,4129.00,2072.00,6201.00,2072,4129,0.00,0.00,0,0
1409617907,s3-eth1,6241066.00,136290.00,6377356.00,136290,6241066,4129.00,2065.00,6194.00,2065,4129,0.00,0.00,0,0
1409617907,s3-eth2,136752.00,6241066.00,6377818.00,6241066,136752,2072.00,4129.00,6201.00,4129,2072,0.00,0.00,0,0
1409617907,eth0,0.00,0.00,0.00,0,0,0.00,0.00,0.00,0,0,0.00,0.00,0,0
1409617907,lo,0.00,0.00,0.00,0,0,0.00,0.00,0.00,0,0,0.00,0.00,0,0
1409617907,total,19131940.00,19124370.00,38256312.00,19124370,19131940,18602.00,18597.00,37199.00,18597,18602,0.00,0.00,0,0
1409617908,s1-eth1,136290.00,6252360.00,6388650.00,6252360,136290,2065.00,4136.00,6201.00,4136,2065,0.00,0.00,0,0
1409617908,s1-eth2,6253640.00,136224.00,6389864.00,136224,6253640,4136.00,2064.00,6200.00,2064,4136,0.00,0.00,0,0
1409617908,s2-eth1,136224.00,6253640.00,6389864.00,6253640,136224,2064.00,4136.00,6200.00,4136,2064,0.00,0.00,0,0
1409617908,s2-eth2,6252126.00,136290.00,6388416.00,136290,6252126,4135.00,2065.00,6200.00,2065,4135,0.00,0.00,0,0
1409617908,s3-eth1,6253640.00,136290.00,6389930.00,136290,6253640,4136.00,2065.00,6201.00,2065,4136,0.00,0.00,0,0
1409617908,s3-eth2,136290.00,6252126.00,6388416.00,6252126,136290,2065.00,4135.00,6200.00,4135,2065,0.00,0.00,0,0
1409617908,eth0,0.00,0.00,0.00,0,0,0.00,0.00,0.00,0,0,0.00,0.00,0,0
1409617908,lo,0.00,0.00,0.00,0,0,0.00,0.00,0.00,0,0,0.00,0.00,0,0
1409617908,total,19168210.00,19166930.00,38335140.00,19166930,19168210,18601.00,18601.00,37202.00,18601,18601,0.00,0.00,0,0
1409617909,s1-eth1,135960.00,6242224.00,6378184.00,6242224,135960,2060.00,4128.00,6188.00,4128,2060,0.00,0.00,0,0
1409617909,s1-eth2,6234888.00,135960.00,6370848.00,135960,6234888,4124.00,2060.00,6184.00,2060,4124,0.00,0.00,0,0
1409617909,s2-eth1,135960.00,6234888.00,6370848.00,6234888,135960,2060.00,4124.00,6184.00,4124,2060,0.00,0.00,0,0
1409617909,s2-eth2,6234888.00,135696.00,6370584.00,135696,6234888,4124.00,2056.00,6180.00,2056,4124,0.00,0.00,0,0
1409617909,s3-eth1,6234888.00,135960.00,6370848.00,135960,6234888,4124.00,2060.00,6184.00,2060,4124,0.00,0.00,0,0
1409617909,s3-eth2,135696.00,6234888.00,6370584.00,6234888,135696,2056.00,4124.00,6180.00,4124,2056,0.00,0.00,0,0
1409617909,eth0,0.00,0.00,0.00,0,0,0.00,0.00,0.00,0,0,0.00,0.00,0,0
1409617909,lo,516.00,516.00,1032.00,516,516,9.00,9.00,18.00,9,9,0.00,0.00,0,0
1409617909,total,19112796.00,19120132.00,38232928.00,19120132,19112796,18557.00,18561.00,37118.00,18561,18557,0.00,0.00,0,0
1409617910,s1-eth1,136356.00,6253522.00,6389878.00,6253522,136356,2066.00,4133.00,6199.00,4133,2066,0.00,0.00,0,0
1409617910,s1-eth2,6253522.00,136422.00,6389944.00,136422,6253522,4133.00,2067.00,6200.00,2067,4133,0.00,0.00,0,0
1409617910,s2-eth1,136422.00,6253522.00,6389944.00,6253522,136422,2067.00,4133.00,6200.00,4133,2067,0.00,0.00,0,0
1409617910,s2-eth2,6253522.00,136686.00,6390208.00,136686,6253522,4133.00,2071.00,6204.00,2071,4133,0.00,0.00,0,0
1409617910,s3-eth1,6253522.00,136356.00,6389878.00,136356,6253522,4133.00,2066.00,6199.00,2066,4133,0.00,0.00,0,0
1409617910,s3-eth2,136686.00,6253522.00,6390208.00,6253522,136686,2071.00,4133.00,6204.00,4133,2071,0.00,0.00,0,0
1409617910,eth0,0.00,476.00,476.00,476,0,0.00,3.00,3.00,3,0,0.00,0.00,0,0
1409617910,lo,0.00,0.00,0.00,0,0,0.00,0.00,0.00,0,0,0.00,0.00,0,0
1409617910,total,19170030.00,19170506.00,38340536.00,19170506,19170030,18603.00,18606.00,37209.00,18606,18603,0.00,0.00,0,0
1409617911,s1-eth1,135078.00,6254376.00,6389454.00,6254376,135078,2047.00,4132.00,6179.00,4132,2047,0.00,0.00,0,0
1409617911,s1-eth2,6254376.00,135078.00,6389454.00,135078,6254376,4132.00,2047.00,6179.00,2047,4132,0.00,0.00,0,0
1409617911,s2-eth1,135078.00,6254376.00,6389454.00,6254376,135078,2047.00,4132.00,6179.00,4132,2047,0.00,0.00,0,0
1409617911,s2-eth2,6254376.00,135078.00,6389454.00,135078,6254376,4132.00,2047.00,6179.00,2047,4132,0.00,0.00,0,0
1409617911,s3-eth1,6252862.00,135078.00,6387940.00,135078,6252862,4131.00,2047.00,6178.00,2047,4131,0.00,0.00,0,0
1409617911,s3-eth2,135078.00,6254376.00,6389454.00,6254376,135078,2047.00,4132.00,6179.00,4132,2047,0.00,0.00,0,0
1409617911,eth0,0.00,120.00,120.00,120,0,0.00,2.00,2.00,2,0,0.00,0.00,0,0
1409617911,lo,888.00,888.00,1776.00,888,888,9.00,9.00,18.00,9,9,0.00,0.00,0,0
1409617911,total,19167736.00,19169370.00,38337104.00,19169370,19167736,18545.00,18548.00,37093.00,18548,18545,0.00,0.00,0,0
1409617912,s1-eth1,135762.00,6215820.00,6351582.00,6215820,135762,2057.00,4110.00,6167.00,4110,2057,0.00,0.00,0,0
1409617912,s1-eth2,6220362.00,135762.00,6356124.00,135762,6220362,4113.00,2057.00,6170.00,2057,4113,0.00,0.00,0,0
1409617912,s2-eth1,135762.00,6220362.00,6356124.00,6220362,135762,2057.00,4113.00,6170.00,4113,2057,0.00,0.00,0,0
1409617912,s2-eth2,6221876.00,135762.00,6357638.00,135762,6221876,4114.00,2057.00,6171.00,2057,4114,0.00,0.00,0,0
1409617912,s3-eth1,6221876.00,135828.00,6357704.00,135828,6221876,4114.00,2058.00,6172.00,2058,4114,0.00,0.00,0,0
1409617912,s3-eth2,135762.00,6221876.00,6357638.00,6221876,135762,2057.00,4114.00,6171.00,4114,2057,0.00,0.00,0,0
1409617912,eth0,0.00,180.00,180.00,180,0,0.00,3.00,3.00,3,0,0.00,0.00,0,0
1409617912,lo,0.00,0.00,0.00,0,0,0.00,0.00,0.00,0,0,0.00,0.00,0,0
1409617912,total,19071400.00,19065590.00,38136992.00,19065590,19071400,18512.00,18512.00,37024.00,18512,18512,0.00,0.00,0,0
1409617913,s1-eth1,136488.00,6251486.00,6387974.00,6251486,136488,2068.00,4135.00,6203.00,4135,2068,0.00,0.00,0,0
1409617913,s1-eth2,6251486.00,136488.00,6387974.00,136488,6251486,4135.00,2068.00,6203.00,2068,4135,0.00,0.00,0,0
1409617913,s2-eth1,136488.00,6251486.00,6387974.00,6251486,136488,2068.00,4135.00,6203.00,4135,2068,0.00,0.00,0,0
1409617913,s2-eth2,6251486.00,136488.00,6387974.00,136488,6251486,4135.00,2068.00,6203.00,2068,4135,0.00,0.00,0,0
1409617913,s3-eth1,6251486.00,136488.00,6387974.00,136488,6251486,4135.00,2068.00,6203.00,2068,4135,0.00,0.00,0,0
1409617913,s3-eth2,136488.00,6251486.00,6387974.00,6251486,136488,2068.00,4135.00,6203.00,4135,2068,0.00,0.00,0,0
1409617913,eth0,0.00,180.00,180.00,180,0,0.00,3.00,3.00,3,0,0.00,0.00,0,0
1409617913,lo,0.00,0.00,0.00,0,0,0.00,0.00,0.00,0,0,0.00,0.00,0,0
1409617913,total,19163922.00,19164102.00,38328024.00,19164102,19163922,18609.00,18612.00,37221.00,18612,18609,0.00,0.00,0,0
1409617914,s1-eth1,134904.00,6253940.00,6388844.00,6253940,134904,2044.00,4138.00,6182.00,4138,2044,0.00,0.00,0,0
1409617914,s1-eth2,6253940.00,134904.00,6388844.00,134904,6253940,4138.00,2044.00,6182.00,2044,4138,0.00,0.00,0,0
1409617914,s2-eth1,134904.00,6253940.00,6388844.00,6253940,134904,2044.00,4138.00,6182.00,4138,2044,0.00,0.00,0,0
1409617914,s2-eth2,6252426.00,134904.00,6387330.00,134904,6252426,4137.00,2044.00,6181.00,2044,4137,0.00,0.00,0,0
1409617914,s3-eth1,6253940.00,134838.00,6388778.00,134838,6253940,4138.00,2043.00,6181.00,2043,4138,0.00,0.00,0,0
1409617914,s3-eth2,134904.00,6252426.00,6387330.00,6252426,134904,2044.00,4137.00,6181.00,4137,2044,0.00,0.00,0,0
1409617914,eth0,0.00,120.00,120.00,120,0,0.00,2.00,2.00,2,0,0.00,0.00,0,0
1409617914,lo,0.00,0.00,0.00,0,0,0.00,0.00,0.00,0,0,0.00,0.00,0,0
1409617914,total,19165018.00,19165072.00,38330088.00,19165072,19165018,18545.00,18546.00,37091.00,18546,18545,0.00,0.00,0,0
1409617915,s1-eth1,136422.00,6252242.00,6388664.00,6252242,136422,2067.00,4133.00,6200.00,4133,2067,0.00,0.00,0,0
1409617915,s1-eth2,6252242.00,136356.00,6388598.00,136356,6252242,4133.00,2066.00,6199.00,2066,4133,0.00,0.00,0,0
1409617915,s2-eth1,136356.00,6252242.00,6388598.00,6252242,136356,2066.00,4133.00,6199.00,4133,2066,0.00,0.00,0,0
1409617915,s2-eth2,6252242.00,136356.00,6388598.00,136356,6252242,4133.00,2066.00,6199.00,2066,4133,0.00,0.00,0,0
1409617915,s3-eth1,6252242.00,136422.00,6388664.00,136422,6252242,4133.00,2067.00,6200.00,2067,4133,0.00,0.00,0,0
1409617915,s3-eth2,136356.00,6252242.00,6388598.00,6252242,136356,2066.00,4133.00,6199.00,4133,2066,0.00,0.00,0,0
1409617915,eth0,0.00,120.00,120.00,120,0,0.00,2.00,2.00,2,0,0.00,0.00,0,0
1409617915,lo,516.00,516.00,1032.00,516,516,9.00,9.00,18.00,9,9,0.00,0.00,0,0
1409617915,total,19166376.00,19166496.00,38332872.00,19166496,19166376,18607.00,18609.00,37216.00,18609,18607,0.00,0.00,0,0
1409617916,s1-eth1,136224.00,6252820.00,6389044.00,6252820,136224,2064.00,4130.00,6194.00,4130,2064,0.00,0.00,0,0
1409617916,s1-eth2,6252820.00,136290.00,6389110.00,136290,6252820,4130.00,2065.00,6195.00,2065,4130,0.00,0.00,0,0
1409617916,s2-eth1,136290.00,6252820.00,6389110.00,6252820,136290,2065.00,4130.00,6195.00,4130,2065,0.00,0.00,0,0
1409617916,s2-eth2,6252820.00,136290.00,6389110.00,136290,6252820,4130.00,2065.00,6195.00,2065,4130,0.00,0.00,0,0
1409617916,s3-eth1,6252820.00,136224.00,6389044.00,136224,6252820,4130.00,2064.00,6194.00,2064,4130,0.00,0.00,0,0
1409617916,s3-eth2,136290.00,6252820.00,6389110.00,6252820,136290,2065.00,4130.00,6195.00,4130,2065,0.00,0.00,0,0
1409617916,eth0,60.00,240.00,300.00,240,60,1.00,4.00,5.00,4,1,0.00,0.00,0,0
1409617916,lo,0.00,0.00,0.00,0,0,0.00,0.00,0.00,0,0,0.00,0.00,0,0
1409617916,total,19167324.00,19167504.00,38334828.00,19167504,19167324,18585.00,18588.00,37173.00,18588,18585,0.00,0.00,0,0
1409617917,s1-eth1,136092.00,6251306.00,6387398.00,6251306,136092,2062.00,4129.00,6191.00,4129,2062,0.00,0.00,0,0
1409617917,s1-eth2,6251306.00,136092.00,6387398.00,136092,6251306,4129.00,2062.00,6191.00,2062,4129,0.00,0.00,0,0
1409617917,s2-eth1,136092.00,6251306.00,6387398.00,6251306,136092,2062.00,4129.00,6191.00,4129,2062,0.00,0.00,0,0
1409617917,s2-eth2,6252820.00,136026.00,6388846.00,136026,6252820,4130.00,2061.00,6191.00,2061,4130,0.00,0.00,0,0
1409617917,s3-eth1,6251306.00,136092.00,6387398.00,136092,6251306,4129.00,2062.00,6191.00,2062,4129,0.00,0.00,0,0
1409617917,s3-eth2,136026.00,6252820.00,6388846.00,6252820,136026,2061.00,4130.00,6191.00,4130,2061,0.00,0.00,0,0
1409617917,eth0,0.00,180.00,180.00,180,0,0.00,3.00,3.00,3,0,0.00,0.00,0,0
1409617917,lo,0.00,0.00,0.00,0,0,0.00,0.00,0.00,0,0,0.00,0.00,0,0
1409617917,total,19163642.00,19163822.00,38327464.00,19163822,19163642,18573.00,18576.00,37149.00,18576,18573,0.00,0.00,0,0
1409617918,s1-eth1,136224.00,6253220.00,6389444.00,6253220,136224,2064.00,4134.00,6198.00,4134,2064,0.00,0.00,0,0
1409617918,s1-eth2,6253220.00,136224.00,6389444.00,136224,6253220,4134.00,2064.00,6198.00,2064,4134,0.00,0.00,0,0
1409617918,s2-eth1,136224.00,6253220.00,6389444.00,6253220,136224,2064.00,4134.00,6198.00,4134,2064,0.00,0.00,0,0
1409617918,s2-eth2,6251706.00,136356.00,6388062.00,136356,6251706,4133.00,2066.00,6199.00,2066,4133,0.00,0.00,0,0
1409617918,s3-eth1,6252986.00,136356.00,6389342.00,136356,6252986,4133.00,2066.00,6199.00,2066,4133,0.00,0.00,0,0
1409617918,s3-eth2,136356.00,6251706.00,6388062.00,6251706,136356,2066.00,4133.00,6199.00,4133,2066,0.00,0.00,0,0
1409617918,eth0,0.00,120.00,120.00,120,0,0.00,2.00,2.00,2,0,0.00,0.00,0,0
1409617918,lo,0.00,0.00,0.00,0,0,0.00,0.00,0.00,0,0,0.00,0.00,0,0
1409617918,total,19166716.00,19167202.00,38333920.00,19167202,19166716,18594.00,18599.00,37193.00,18599,18594,0.00,0.00,0,0
1409617919,s1-eth1,136422.00,6252820.00,6389242.00,6252820,136422,2067.00,4130.00,6197.00,4130,2067,0.00,0.00,0,0
1409617919,s1-eth2,6252820.00,136422.00,6389242.00,136422,6252820,4130.00,2067.00,6197.00,2067,4130,0.00,0.00,0,0
1409617919,s2-eth1,136422.00,6252820.00,6389242.00,6252820,136422,2067.00,4130.00,6197.00,4130,2067,0.00,0.00,0,0
1409617919,s2-eth2,6252820.00,136290.00,6389110.00,136290,6252820,4130.00,2065.00,6195.00,2065,4130,0.00,0.00,0,0
1409617919,s3-eth1,6253054.00,136290.00,6389344.00,136290,6253054,4131.00,2065.00,6196.00,2065,4131,0.00,0.00,0,0
1409617919,s3-eth2,136290.00,6252820.00,6389110.00,6252820,136290,2065.00,4130.00,6195.00,4130,2065,0.00,0.00,0,0
1409617919,eth0,0.00,120.00,120.00,120,0,0.00,2.00,2.00,2,0,0.00,0.00,0,0
1409617919,lo,0.00,0.00,0.00,0,0,0.00,0.00,0.00,0,0,0.00,0.00,0,0
1409617919,total,19167828.00,19167582.00,38335408.00,19167582,19167828,18590.00,18589.00,37179.00,18589,18590,0.00,0.00,0,0
1409617920,s1-eth1,136356.00,6252880.00,6389236.00,6252880,136356,2066.00,4132.00,6198.00,4132,2066,0.00,0.00,0,0
1409617920,s1-eth2,6252880.00,136356.00,6389236.00,136356,6252880,4132.00,2066.00,6198.00,2066,4132,0.00,0.00,0,0
1409617920,s2-eth1,136356.00,6252880.00,6389236.00,6252880,136356,2066.00,4132.00,6198.00,4132,2066,0.00,0.00,0,0
1409617920,s2-eth2,6252880.00,136422.00,6389302.00,136422,6252880,4132.00,2067.00,6199.00,2067,4132,0.00,0.00,0,0
1409617920,s3-eth1,6252880.00,136356.00,6389236.00,136356,6252880,4132.00,2066.00,6198.00,2066,4132,0.00,0.00,0,0
1409617920,s3-eth2,136422.00,6252880.00,6389302.00,6252880,136422,2067.00,4132.00,6199.00,4132,2067,0.00,0.00,0,0
1409617920,eth0,0.00,180.00,180.00,180,0,0.00,3.00,3.00,3,0,0.00,0.00,0,0
1409617920,lo,516.00,516.00,1032.00,516,516,9.00,9.00,18.00,9,9,0.00,0.00,0,0
1409617920,total,19168290.00,19168470.00,38336760.00,19168470,19168290,18604.00,18607.00,37211.00,18607,18604,0.00,0.00,0,0
1409617921,s1-eth1,136620.00,6251944.00,6388564.00,6251944,136620,2070.00,4136.00,6206.00,4136,2070,0.00,0.00,0,0
1409617921,s1-eth2,6251944.00,136554.00,6388498.00,136554,6251944,4136.00,2069.00,6205.00,2069,4136,0.00,0.00,0,0
1409617921,s2-eth1,136554.00,6251944.00,6388498.00,6251944,136554,2069.00,4136.00,6205.00,4136,2069,0.00,0.00,0,0
1409617921,s2-eth2,6251944.00,136554.00,6388498.00,136554,6251944,4136.00,2069.00,6205.00,2069,4136,0.00,0.00,0,0
1409617921,s3-eth1,6251944.00,136620.00,6388564.00,136620,6251944,4136.00,2070.00,6206.00,2070,4136,0.00,0.00,0,0
1409617921,s3-eth2,136554.00,6251944.00,6388498.00,6251944,136554,2069.00,4136.00,6205.00,4136,2069,0.00,0.00,0,0
1409617921,eth0,0.00,60.00,60.00,60,0,0.00,1.00,1.00,1,0,0.00,0.00,0,0
1409617921,lo,0.00,0.00,0.00,0,0,0.00,0.00,0.00,0,0,0.00,0.00,0,0
1409617921,total,19165560.00,19165620.00,38331180.00,19165620,19165560,18616.00,18617.00,37233.00,18617,18616,0.00,0.00,0,0
1409617922,s1-eth1,136488.00,6253178.00,6389666.00,6253178,136488,2068.00,4137.00,6205.00,4137,2068,0.00,0.00,0,0
1409617922,s1-eth2,6253178.00,136488.00,6389666.00,136488,6253178,4137.00,2068.00,6205.00,2068,4137,0.00,0.00,0,0
1409617922,s2-eth1,136488.00,6253178.00,6389666.00,6253178,136488,2068.00,4137.00,6205.00,4137,2068,0.00,0.00,0,0
1409617922,s2-eth2,6253178.00,136554.00,6389732.00,136554,6253178,4137.00,2069.00,6206.00,2069,4137,0.00,0.00,0,0
1409617922,s3-eth1,6253178.00,136488.00,6389666.00,136488,6253178,4137.00,2068.00,6205.00,2068,4137,0.00,0.00,0,0
1409617922,s3-eth2,136554.00,6253178.00,6389732.00,6253178,136554,2069.00,4137.00,6206.00,4137,2069,0.00,0.00,0,0
1409617922,eth0,0.00,0.00,0.00,0,0,0.00,0.00,0.00,0,0,0.00,0.00,0,0
1409617922,lo,0.00,0.00,0.00,0,0,0.00,0.00,0.00,0,0,0.00,0.00,0,0
1409617922,total,19169064.00,19169064.00,38338128.00,19169064,19169064,18616.00,18616.00,37232.00,18616,18616,0.00,0.00,0,0
1409617923,s1-eth1,136356.00,6256082.00,6392438.00,6256082,136356,2066.00,4133.00,6199.00,4133,2066,0.00,0.00,0,0
1409617923,s1-eth2,6256082.00,136422.00,6392504.00,136422,6256082,4133.00,2067.00,6200.00,2067,4133,0.00,0.00,0,0
1409617923,s2-eth1,136422.00,6256082.00,6392504.00,6256082,136422,2067.00,4133.00,6200.00,4133,2067,0.00,0.00,0,0
1409617923,s2-eth2,6256082.00,136290.00,6392372.00,136290,6256082,4133.00,2065.00,6198.00,2065,4133,0.00,0.00,0,0
1409617923,s3-eth1,6254568.00,136356.00,6390924.00,136356,6254568,4132.00,2066.00,6198.00,2066,4132,0.00,0.00,0,0
1409617923,s3-eth2,136290.00,6256082.00,6392372.00,6256082,136290,2065.00,4133.00,6198.00,4133,2065,0.00,0.00,0,0
1409617923,eth0,0.00,0.00,0.00,0,0,0.00,0.00,0.00,0,0,0.00,0.00,0,0
1409617923,lo,0.00,0.00,0.00,0,0,0.00,0.00,0.00,0,0,0.00,0.00,0,0
1409617923,total,19175800.00,19177314.00,38353112.00,19177314,19175800,18596.00,18597.00,37193.00,18597,18596,0.00,0.00,0,0
1409617924,s1-eth1,134178.00,6106398.00,6240576.00,6106398,134178,2033.00,4039.00,6072.00,4039,2033,0.00,0.00,0,0
1409617924,s1-eth2,6113968.00,133782.00,6247750.00,133782,6113968,4044.00,2027.00,6071.00,2027,4044,0.00,0.00,0,0
1409617924,s2-eth1,133782.00,6113968.00,6247750.00,6113968,133782,2027.00,4044.00,6071.00,4044,2027,0.00,0.00,0,0
1409617924,s2-eth2,6115482.00,133584.00,6249066.00,133584,6115482,4045.00,2024.00,6069.00,2024,4045,0.00,0.00,0,0
1409617924,s3-eth1,6113968.00,133518.00,6247486.00,133518,6113968,4044.00,2023.00,6067.00,2023,4044,0.00,0.00,0,0
1409617924,s3-eth2,133584.00,6115482.00,6249066.00,6115482,133584,2024.00,4045.00,6069.00,4045,2024,0.00,0.00,0,0
1409617924,eth0,0.00,0.00,0.00,0,0,0.00,0.00,0.00,0,0,0.00,0.00,0,0
1409617924,lo,0.00,0.00,0.00,0,0,0.00,0.00,0.00,0,0,0.00,0.00,0,0
1409617924,total,18744962.00,18736732.00,37481696.00,18736732,18744962,18217.00,18202.00,36419.00,18202,18217,0.00,0.00,0,0
1409617925,s1-eth1,133254.00,6151382.00,6284636.00,6151382,133254,2019.00,4063.00,6082.00,4063,2019,0.00,0.00,0,0
1409617925,s1-eth2,6142298.00,133518.00,6275816.00,133518,6142298,4057.00,2023.00,6080.00,2023,4057,0.00,0.00,0,0
1409617925,s2-eth1,133518.00,6142298.00,6275816.00,6142298,133518,2023.00,4057.00,6080.00,4057,2023,0.00,0.00,0,0
1409617925,s2-eth2,6140784.00,133386.00,6274170.00,133386,6140784,4056.00,2021.00,6077.00,2021,4056,0.00,0.00,0,0
1409617925,s3-eth1,6143812.00,133914.00,6277726.00,133914,6143812,4058.00,2029.00,6087.00,2029,4058,0.00,0.00,0,0
1409617925,s3-eth2,133386.00,6140784.00,6274170.00,6140784,133386,2021.00,4056.00,6077.00,4056,2021,0.00,0.00,0,0
1409617925,eth0,0.00,0.00,0.00,0,0,0.00,0.00,0.00,0,0,0.00,0.00,0,0
1409617925,lo,516.00,516.00,1032.00,516,516,9.00,9.00,18.00,9,9,0.00,0.00,0,0
1409617925,total,18827568.00,18835798.00,37663368.00,18835798,18827568,18243.00,18258.00,36501.00,18258,18243,0.00,0.00,0,0
1409617926,s1-eth1,136554.00,6252256.00,6388810.00,6252256,136554,2069.00,4136.00,6205.00,4136,2069,0.00,0.00,0,0
1409617926,s1-eth2,6252256.00,136686.00,6388942.00,136686,6252256,4136.00,2071.00,6207.00,2071,4136,0.00,0.00,0,0
1409617926,s2-eth1,136686.00,6252256.00,6388942.00,6252256,136686,2071.00,4136.00,6207.00,4136,2071,0.00,0.00,0,0
1409617926,s2-eth2,6253770.00,137016.00,6390786.00,137016,6253770,4137.00,2076.00,6213.00,2076,4137,0.00,0.00,0,0
1409617926,s3-eth1,6252256.00,136554.00,6388810.00,136554,6252256,4136.00,2069.00,6205.00,2069,4136,0.00,0.00,0,0
1409617926,s3-eth2,137016.00,6253770.00,6390786.00,6253770,137016,2076.00,4137.00,6213.00,4137,2076,0.00,0.00,0,0
1409617926,eth0,0.00,0.00,0.00,0,0,0.00,0.00,0.00,0,0,0.00,0.00,0,0
1409617926,lo,0.00,0.00,0.00,0,0,0.00,0.00,0.00,0,0,0.00,0.00,0,0
1409617926,total,19168538.00,19168538.00,38337076.00,19168538,19168538,18625.00,18625.00,37250.00,18625,18625,0.00,0.00,0,0
1409617927,s1-eth1,136422.00,6252710.00,6389132.00,6252710,136422,2067.00,4135.00,6202.00,4135,2067,0.00,0.00,0,0
1409617927,s1-eth2,6252710.00,136422.00,6389132.00,136422,6252710,4135.00,2067.00,6202.00,2067,4135,0.00,0.00,0,0
1409617927,s2-eth1,136422.00,6252710.00,6389132.00,6252710,136422,2067.00,4135.00,6202.00,4135,2067,0.00,0.00,0,0
1409617927,s2-eth2,6251196.00,136488.00,6387684.00,136488,6251196,4134.00,2068.00,6202.00,2068,4134,0.00,0.00,0,0
1409617927,s3-eth1,6252710.00,136422.00,6389132.00,136422,6252710,4135.00,2067.00,6202.00,2067,4135,0.00,0.00,0,0
1409617927,s3-eth2,136488.00,6251196.00,6387684.00,6251196,136488,2068.00,4134.00,6202.00,4134,2068,0.00,0.00,0,0
1409617927,eth0,0.00,0.00,0.00,0,0,0.00,0.00,0.00,0,0,0.00,0.00,0,0
1409617927,lo,0.00,0.00,0.00,0,0,0.00,0.00,0.00,0,0,0.00,0.00,0,0
1409617927,total,19165948.00,19165948.00,38331896.00,19165948,19165948,18606.00,18606.00,37212.00,18606,18606,0.00,0.00,0,0
1409617928,s1-eth1,136092.00,6252820.00,6388912.00,6252820,136092,2062.00,4130.00,6192.00,4130,2062,0.00,0.00,0,0
1409617928,s1-eth2,6251306.00,136026.00,6387332.00,136026,6251306,4129.00,2061.00,6190.00,2061,4129,0.00,0.00,0,0
1409617928,s2-eth1,136026.00,6251306.00,6387332.00,6251306,136026,2061.00,4129.00,6190.00,4129,2061,0.00,0.00,0,0
1409617928,s2-eth2,6252820.00,136026.00,6388846.00,136026,6252820,4130.00,2061.00,6191.00,2061,4130,0.00,0.00,0,0
1409617928,s3-eth1,6252820.00,136092.00,6388912.00,136092,6252820,4130.00,2062.00,6192.00,2062,4130,0.00,0.00,0,0
1409617928,s3-eth2,136026.00,6252820.00,6388846.00,6252820,136026,2061.00,4130.00,6191.00,4130,2061,0.00,0.00,0,0
1409617928,eth0,0.00,0.00,0.00,0,0,0.00,0.00,0.00,0,0,0.00,0.00,0,0
1409617928,lo,0.00,0.00,0.00,0,0,0.00,0.00,0.00,0,0,0.00,0.00,0,0
1409617928,total,19165090.00,19165090.00,38330180.00,19165090,19165090,18573.00,18573.00,37146.00,18573,18573,0.00,0.00,0,0
1409617929,s1-eth1,135300.00,6236866.00,6372166.00,6236866,135300,2050.00,4121.00,6171.00,4121,2050,0.00,0.00,0,0
1409617929,s1-eth2,6236866.00,135366.00,6372232.00,135366,6236866,4121.00,2051.00,6172.00,2051,4121,0.00,0.00,0,0
1409617929,s2-eth1,135366.00,6236866.00,6372232.00,6236866,135366,2051.00,4121.00,6172.00,4121,2051,0.00,0.00,0,0
1409617929,s2-eth2,6233838.00,135300.00,6369138.00,135300,6233838,4119.00,2050.00,6169.00,2050,4119,0.00,0.00,0,0
1409617929,s3-eth1,6232324.00,135300.00,6367624.00,135300,6232324,4118.00,2050.00,6168.00,2050,4118,0.00,0.00,0,0
1409617929,s3-eth2,135300.00,6233838.00,6369138.00,6233838,135300,2050.00,4119.00,6169.00,4119,2050,0.00,0.00,0,0
1409617929,eth0,0.00,0.00,0.00,0,0,0.00,0.00,0.00,0,0,0.00,0.00,0,0
1409617929,lo,0.00,0.00,0.00,0,0,0.00,0.00,0.00,0,0,0.00,0.00,0,0
1409617929,total,19108994.00,19113536.00,38222528.00,19113536,19108994,18509.00,18512.00,37021.00,18512,18509,0.00,0.00,0,0
1409617930,s1-eth1,135828.00,6216056.00,6351884.00,6216056,135828,2058.00,4112.00,6170.00,4112,2058,0.00,0.00,0,0
1409617930,s1-eth2,6222112.00,135762.00,6357874.00,135762,6222112,4116.00,2057.00,6173.00,2057,4116,0.00,0.00,0,0
1409617930,s2-eth1,135762.00,6222112.00,6357874.00,6222112,135762,2057.00,4116.00,6173.00,4116,2057,0.00,0.00,0,0
1409617930,s2-eth2,6220598.00,135828.00,6356426.00,135828,6220598,4115.00,2058.00,6173.00,2058,4115,0.00,0.00,0,0
1409617930,s3-eth1,6217570.00,135828.00,6353398.00,135828,6217570,4113.00,2058.00,6171.00,2058,4113,0.00,0.00,0,0
1409617930,s3-eth2,135828.00,6220598.00,6356426.00,6220598,135828,2058.00,4115.00,6173.00,4115,2058,0.00,0.00,0,0
1409617930,eth0,0.00,60.00,60.00,60,0,0.00,1.00,1.00,1,0,0.00,0.00,0,0
1409617930,lo,516.00,516.00,1032.00,516,516,9.00,9.00,18.00,9,9,0.00,0.00,0,0
1409617930,total,19068214.00,19066760.00,38134976.00,19066760,19068214,18526.00,18526.00,37052.00,18526,18526,0.00,0.00,0,0
1409617931,s1-eth1,136488.00,6254692.00,6391180.00,6254692,136488,2068.00,4138.00,6206.00,4138,2068,0.00,0.00,0,0
1409617931,s1-eth2,6253178.00,136554.00,6389732.00,136554,6253178,4137.00,2069.00,6206.00,2069,4137,0.00,0.00,0,0
1409617931,s2-eth1,136554.00,6253178.00,6389732.00,6253178,136554,2069.00,4137.00,6206.00,4137,2069,0.00,0.00,0,0
1409617931,s2-eth2,6253178.00,136554.00,6389732.00,136554,6253178,4137.00,2069.00,6206.00,2069,4137,0.00,0.00,0,0
1409617931,s3-eth1,6254458.00,136488.00,6390946.00,136488,6254458,4137.00,2068.00,6205.00,2068,4137,0.00,0.00,0,0
1409617931,s3-eth2,136554.00,6253178.00,6389732.00,6253178,136554,2069.00,4137.00,6206.00,4137,2069,0.00,0.00,0,0
1409617931,eth0,0.00,120.00,120.00,120,0,0.00,2.00,2.00,2,0,0.00,0.00,0,0
1409617931,lo,0.00,0.00,0.00,0,0,0.00,0.00,0.00,0,0,0.00,0.00,0,0
1409617931,total,19170410.00,19170764.00,38341176.00,19170764,19170410,18617.00,18620.00,37237.00,18620,18617,0.00,0.00,0,0
1409617932,s1-eth1,135828.00,6222664.00,6358492.00,6222664,135828,2058.00,4116.00,6174.00,4116,2058,0.00,0.00,0,0
1409617932,s1-eth2,6218122.00,135762.00,6353884.00,135762,6218122,4113.00,2057.00,6170.00,2057,4113,0.00,0.00,0,0
1409617932,s2-eth1,135762.00,6218122.00,6353884.00,6218122,135762,2057.00,4113.00,6170.00,4113,2057,0.00,0.00,0,0
1409617932,s2-eth2,6219636.00,135762.00,6355398.00,135762,6219636,4114.00,2057.00,6171.00,2057,4114,0.00,0.00,0,0
1409617932,s3-eth1,6219870.00,135828.00,6355698.00,135828,6219870,4115.00,2058.00,6173.00,2058,4115,0.00,0.00,0,0
1409617932,s3-eth2,135762.00,6219636.00,6355398.00,6219636,135762,2057.00,4114.00,6171.00,4114,2057,0.00,0.00,0,0
1409617932,eth0,0.00,120.00,120.00,120,0,0.00,2.00,2.00,2,0,0.00,0.00,0,0
1409617932,lo,0.00,0.00,0.00,0,0,0.00,0.00,0.00,0,0,0.00,0.00,0,0
1409617932,total,19064980.00,19067894.00,38132872.00,19067894,19064980,18514.00,18517.00,37031.00,18517,18514,0.00,0.00,0,0
1409617933,s1-eth1,135234.00,6254692.00,6389926.00,6254692,135234,2049.00,4138.00,6187.00,4138,2049,0.00,0.00,0,0
1409617933,s1-eth2,6253178.00,135300.00,6388478.00,135300,6253178,4137.00,2050.00,6187.00,2050,4137,0.00,0.00,0,0
1409617933,s2-eth1,135300.00,6253178.00,6388478.00,6253178,135300,2050.00,4137.00,6187.00,4137,2050,0.00,0.00,0,0
1409617933,s2-eth2,6253178.00,135234.00,6388412.00,135234,6253178,4137.00,2049.00,6186.00,2049,4137,0.00,0.00,0,0
1409617933,s3-eth1,6253178.00,135300.00,6388478.00,135300,6253178,4137.00,2050.00,6187.00,2050,4137,0.00,0.00,0,0
1409617933,s3-eth2,135234.00,6253178.00,6388412.00,6253178,135234,2049.00,4137.00,6186.00,4137,2049,0.00,0.00,0,0
1409617933,eth0,0.00,120.00,120.00,120,0,0.00,2.00,2.00,2,0,0.00,0.00,0,0
1409617933,lo,0.00,0.00,0.00,0,0,0.00,0.00,0.00,0,0,0.00,0.00,0,0
1409617933,total,19165302.00,19167002.00,38332304.00,19167002,19165302,18559.00,18563.00,37122.00,18563,18559,0.00,0.00,0,0
1409617934,s1-eth1,136554.00,6254458.00,6391012.00,6254458,136554,2069.00,4137.00,6206.00,4137,2069,0.00,0.00,0,0
1409617934,s1-eth2,6255972.00,136554.00,6392526.00,136554,6255972,4138.00,2069.00,6207.00,2069,4138,0.00,0.00,0,0
1409617934,s2-eth1,136554.00,6255972.00,6392526.00,6255972,136554,2069.00,4138.00,6207.00,4138,2069,0.00,0.00,0,0
1409617934,s2-eth2,6255972.00,136620.00,6392592.00,136620,6255972,4138.00,2070.00,6208.00,2070,4138,0.00,0.00,0,0
1409617934,s3-eth1,6255972.00,136488.00,6392460.00,136488,6255972,4138.00,2068.00,6206.00,2068,4138,0.00,0.00,0,0
1409617934,s3-eth2,136620.00,6255972.00,6392592.00,6255972,136620,2070.00,4138.00,6208.00,4138,2070,0.00,0.00,0,0
1409617934,eth0,0.00,120.00,120.00,120,0,0.00,2.00,2.00,2,0,0.00,0.00,0,0
1409617934,lo,0.00,0.00,0.00,0,0,0.00,0.00,0.00,0,0,0.00,0.00,0,0
1409617934,total,19177644.00,19176184.00,38353828.00,19176184,19177644,18622.00,18622.00,37244.00,18622,18622,0.00,0.00,0,0
1409617935,s1-eth1,136554.00,6253930.00,6390484.00,6253930,136554,2069.00,4137.00,6206.00,4137,2069,0.00,0.00,0,0
1409617935,s1-eth2,6252416.00,136554.00,6388970.00,136554,6252416,4136.00,2069.00,6205.00,2069,4136,0.00,0.00,0,0
1409617935,s2-eth1,136554.00,6252416.00,6388970.00,6252416,136554,2069.00,4136.00,6205.00,4136,2069,0.00,0.00,0,0
1409617935,s2-eth2,6252416.00,136554.00,6388970.00,136554,6252416,4136.00,2069.00,6205.00,2069,4136,0.00,0.00,0,0
1409617935,s3-eth1,6252416.00,136620.00,6389036.00,136620,6252416,4136.00,2070.00,6206.00,2070,4136,0.00,0.00,0,0
1409617935,s3-eth2,136554.00,6252416.00,6388970.00,6252416,136554,2069.00,4136.00,6205.00,4136,2069,0.00,0.00,0,0
1409617935,eth0,0.00,120.00,120.00,120,0,0.00,2.00,2.00,2,0,0.00,0.00,0,0
1409617935,lo,516.00,516.00,1032.00,516,516,9.00,9.00,18.00,9,9,0.00,0.00,0,0
1409617935,total,19167426.00,19169126.00,38336552.00,19169126,19167426,18624.00,18628.00,37252.00,18628,18624,0.00,0.00,0,0
1409617936,s1-eth1,41316.00,1438138.00,1479454.00,1438138,41316,626.00,953.00,1579.00,953,626,0.00,0.00,0,0
1409617936,s1-eth2,1507782.00,39930.00,1547712.00,39930,1507782,999.00,605.00,1604.00,605,999,0.00,0.00,0,0
1409617936,s2-eth1,39930.00,1507782.00,1547712.00,1507782,39930,605.00,999.00,1604.00,999,605,0.00,0.00,0,0
1409617936,s2-eth2,1572884.00,38544.00,1611428.00,38544,1572884,1042.00,584.00,1626.00,584,1042,0.00,0.00,0,0
1409617936,s3-eth1,1637986.00,37158.00,1675144.00,37158,1637986,1085.00,563.00,1648.00,563,1085,0.00,0.00,0,0
1409617936,s3-eth2,38544.00,1572884.00,1611428.00,1572884,38544,584.00,1042.00,1626.00,1042,584,0.00,0.00,0,0
1409617936,eth0,60.00,240.00,300.00,240,60,1.00,4.00,5.00,4,1,0.00,0.00,0,0
1409617936,lo,0.00,0.00,0.00,0,0,0.00,0.00,0.00,0,0,0.00,0.00,0,0
1409617936,total,4838502.00,4634676.00,9473178.00,4634676,4838502,4942.00,4750.00,9692.00,4750,4942,0.00,0.00,0,0
1409617937,s1-eth1,0.00,0.00,0.00,0,0,0.00,0.00,0.00,0,0,0.00,0.00,0,0
1409617937,s1-eth2,0.00,0.00,0.00,0,0,0.00,0.00,0.00,0,0,0.00,0.00,0,0
1409617937,s2-eth1,0.00,0.00,0.00,0,0,0.00,0.00,0.00,0,0,0.00,0.00,0,0
1409617937,s2-eth2,0.00,0.00,0.00,0,0,0.00,0.00,0.00,0,0,0.00,0.00,0,0
1409617937,s3-eth1,0.00,0.00,0.00,0,0,0.00,0.00,0.00,0,0,0.00,0.00,0,0
1409617937,s3-eth2,0.00,0.00,0.00,0,0,0.00,0.00,0.00,0,0,0.00,0.00,0,0
1409617937,eth0,0.00,180.00,180.00,180,0,0.00,3.00,3.00,3,0,0.00,0.00,0,0
1409617937,lo,0.00,0.00,0.00,0,0,0.00,0.00,0.00,0,0,0.00,0.00,0,0
1409617937,total,0.00,180.00,180.00,180,0,0.00,3.00,3.00,3,0,0.00,0.00,0,0
1409617938,s1-eth1,0.00,0.00,0.00,0,0,0.00,0.00,0.00,0,0,0.00,0.00,0,0
1409617938,s1-eth2,0.00,0.00,0.00,0,0,0.00,0.00,0.00,0,0,0.00,0.00,0,0
1409617938,s2-eth1,0.00,0.00,0.00,0,0,0.00,0.00,0.00,0,0,0.00,0.00,0,0
1409617938,s2-eth2,0.00,0.00,0.00,0,0,0.00,0.00,0.00,0,0,0.00,0.00,0,0
1409617938,s3-eth1,0.00,0.00,0.00,0,0,0.00,0.00,0.00,0,0,0.00,0.00,0,0
1409617938,s3-eth2,0.00,0.00,0.00,0,0,0.00,0.00,0.00,0,0,0.00,0.00,0,0
1409617938,eth0,0.00,120.00,120.00,120,0,0.00,2.00,2.00,2,0,0.00,0.00,0,0
1409617938,lo,0.00,0.00,0.00,0,0,0.00,0.00,0.00,0,0,0.00,0.00,0,0
1409617938,total,0.00,120.00,120.00,120,0,0.00,2.00,2.00,2,0,0.00,0.00,0,0
1409617939,s1-eth1,0.00,0.00,0.00,0,0,0.00,0.00,0.00,0,0,0.00,0.00,0,0
1409617939,s1-eth2,0.00,0.00,0.00,0,0,0.00,0.00,0.00,0,0,0.00,0.00,0,0
1409617939,s2-eth1,0.00,0.00,0.00,0,0,0.00,0.00,0.00,0,0,0.00,0.00,0,0
1409617939,s2-eth2,0.00,0.00,0.00,0,0,0.00,0.00,0.00,0,0,0.00,0.00,0,0
1409617939,s3-eth1,0.00,0.00,0.00,0,0,0.00,0.00,0.00,0,0,0.00,0.00,0,0
1409617939,s3-eth2,0.00,0.00,0.00,0,0,0.00,0.00,0.00,0,0,0.00,0.00,0,0
1409617939,eth0,0.00,120.00,120.00,120,0,0.00,2.00,2.00,2,0,0.00,0.00,0,0
1409617939,lo,0.00,0.00,0.00,0,0,0.00,0.00,0.00,0,0,0.00,0.00,0,0
1409617939,total,0.00,120.00,120.00,120,0,0.00,2.00,2.00,2,0,0.00,0.00,0,0
1409617940,s1-eth1,0.00,0.00,0.00,0,0,0.00,0.00,0.00,0,0,0.00,0.00,0,0
1409617940,s1-eth2,0.00,0.00,0.00,0,0,0.00,0.00,0.00,0,0,0.00,0.00,0,0
1409617940,s2-eth1,0.00,0.00,0.00,0,0,0.00,0.00,0.00,0,0,0.00,0.00,0,0
1409617940,s2-eth2,0.00,0.00,0.00,0,0,0.00,0.00,0.00,0,0,0.00,0.00,0,0
1409617940,s3-eth1,0.00,0.00,0.00,0,0,0.00,0.00,0.00,0,0,0.00,0.00,0,0
1409617940,s3-eth2,0.00,0.00,0.00,0,0,0.00,0.00,0.00,0,0,0.00,0.00,0,0
1409617940,eth0,0.00,596.00,596.00,596,0,0.00,5.00,5.00,5,0,0.00,0.00,0,0
1409617940,lo,516.00,516.00,1032.00,516,516,9.00,9.00,18.00,9,9,0.00,0.00,0,0
1409617940,total,516.00,1112.00,1628.00,1112,516,9.00,14.00,23.00,14,9,0.00,0.00,0,0
1409617941,s1-eth1,0.00,0.00,0.00,0,0,0.00,0.00,0.00,0,0,0.00,0.00,0,0
1409617941,s1-eth2,0.00,0.00,0.00,0,0,0.00,0.00,0.00,0,0,0.00,0.00,0,0
1409617941,s2-eth1,0.00,0.00,0.00,0,0,0.00,0.00,0.00,0,0,0.00,0.00,0,0
1409617941,s2-eth2,0.00,0.00,0.00,0,0,0.00,0.00,0.00,0,0,0.00,0.00,0,0
1409617941,s3-eth1,0.00,0.00,0.00,0,0,0.00,0.00,0.00,0,0,0.00,0.00,0,0
1409617941,s3-eth2,0.00,0.00,0.00,0,0,0.00,0.00,0.00,0,0,0.00,0.00,0,0
1409617941,eth0,0.00,60.00,60.00,60,0,0.00,1.00,1.00,1,0,0.00,0.00,0,0
1409617941,lo,0.00,0.00,0.00,0,0,0.00,0.00,0.00,0,0,0.00,0.00,0,0
1409617941,total,0.00,60.00,60.00,60,0,0.00,1.00,1.00,1,0,0.00,0.00,0,0
1409617942,s1-eth1,0.00,0.00,0.00,0,0,0.00,0.00,0.00,0,0,0.00,0.00,0,0
1409617942,s1-eth2,0.00,0.00,0.00,0,0,0.00,0.00,0.00,0,0,0.00,0.00,0,0
1409617942,s2-eth1,0.00,0.00,0.00,0,0,0.00,0.00,0.00,0,0,0.00,0.00,0,0
1409617942,s2-eth2,0.00,0.00,0.00,0,0,0.00,0.00,0.00,0,0,0.00,0.00,0,0
1409617942,s3-eth1,0.00,0.00,0.00,0,0,0.00,0.00,0.00,0,0,0.00,0.00,0,0
1409617942,s3-eth2,0.00,0.00,0.00,0,0,0.00,0.00,0.00,0,0,0.00,0.00,0,0
1409617942,eth0,0.00,0.00,0.00,0,0,0.00,0.00,0.00,0,0,0.00,0.00,0,0
1409617942,lo,0.00,0.00,0.00,0,0,0.00,0.00,0.00,0,0,0.00,0.00,0,0
1409617942,total,0.00,0.00,0.00,0,0,0.00,0.00,0.00,0,0,0.00,0.00,0,0
1409617943,s1-eth1,0.00,0.00,0.00,0,0,0.00,0.00,0.00,0,0,0.00,0.00,0,0
1409617943,s1-eth2,0.00,0.00