1409596632,s1-eth1,0.00,0.00,0.00,0,0,0.00,0.00,0.00,0,0,0.00,0.00,0,0
1409596632,s1-eth2,0.00,0.00,0.00,0,0,0.00,0.00,0.00,0,0,0.00,0.00,0,0
1409596632,eth0,0.00,0.00,0.00,0,0,0.00,0.00,0.00,0,0,0.00,0.00,0,0
1409596632,lo,0.00,0.00,0.00,0,0,0.00,0.00,0.00,0,0,0.00,0.00,0,0
1409596632,total,0.00,0.00,0.00,0,0,0.00,0.00,0.00,0,0,0.00,0.00,0,0
1409596633,s1-eth1,1252636.00,28120.00,1280756.00,28120,1252636,832.00,426.00,1258.00,426,832,0.00,0.00,0,0
1409596633,s1-eth2,28054.00,1251122.00,1279176.00,1251122,28054,425.00,831.00,1256.00,831,425,0.00,0.00,0,0
1409596633,eth0,0.00,120.00,120.00,120,0,0.00,2.00,2.00,2,0,0.00,0.00,0,0
1409596633,lo,588.00,588.00,1176.00,588,588,7.00,7.00,14.00,7,7,0.00,0.00,0,0
1409596633,total,1281278.00,1279950.00,2561228.00,1279950,1281278,1264.00,1266.00,2530.00,1266,1264,0.00,0.00,0,0
1409596634,s1-eth1,1249660.00,28050.00,1277710.00,28050,1249660,830.00,425.00,1255.00,425,830,0.00,0.00,0,0
1409596634,s1-eth2,28116.00,1251174.00,1279290.00,1251174,28116,426.00,831.00,1257.00,831,426,0.00,0.00,0,0
1409596634,eth0,0.00,120.00,120.00,120,0,0.00,2.00,2.00,2,0,0.00,0.00,0,0
1409596634,lo,0.00,0.00,0.00,0,0,0.00,0.00,0.00,0,0,0.00,0.00,0,0
1409596634,total,1277776.00,1279344.00,2557120.00,1279344,1277776,1256.00,1258.00,2514.00,1258,1256,0.00,0.00,0,0
1409596635,s1-eth1,1251870.00,27852.00,1279722.00,27852,1251870,831.00,422.00,1253.00,422,831,0.00,0.00,0,0
1409596635,s1-eth2,27786.00,1251870.00,1279656.00,1251870,27786,421.00,831.00,1252.00,831,421,0.00,0.00,0,0
1409596635,eth0,0.00,120.00,120.00,120,0,0.00,2.00,2.00,2,0,0.00,0.00,0,0
1409596635,lo,0.00,0.00,0.00,0,0,0.00,0.00,0.00,0,0,0.00,0.00,0,0
1409596635,total,1279656.00,1279842.00,2559498.00,1279842,1279656,1252.00,1255.00,2507.00,1255,1252,0.00,0.00,0,0
1409596636,s1-eth1,1251052.00,27852.00,1278904.00,27852,1251052,830.00,422.00,1252.00,422,830,0.00,0.00,0,0
1409596636,s1-eth2,27852.00,1251052.00,1278904.00,1251052,27852,422.00,830.00,1252.00,830,422,0.00,0.00,0,0
1409596636,eth0,0.00,180.00,180.00,180,0,0.00,3.00,3.00,3,0,0.00,0.00,0,0
1409596636,lo,0.00,0.00,0.00,0,0,0.00,0.00,0.00,0,0,0.00,0.00,0,0
1409596636,total,1278904.00,1279084.00,2557988.00,1279084,1278904,1252.00,1255.00,2507.00,1255,1252,0.00,0.00,0,0
1409596637,s1-eth1,1250360.00,27946.00,1278306.00,27946,1250360,830.00,423.00,1253.00,423,830,0.00,0.00,0,0
1409596637,s1-eth2,27946.00,1250360.00,1278306.00,1250360,27946,423.00,830.00,1253.00,830,423,0.00,0.00,0,0
1409596637,eth0,0.00,120.00,120.00,120,0,0.00,2.00,2.00,2,0,0.00,0.00,0,0
1409596637,lo,824.00,824.00,1648.00,824,824,9.00,9.00,18.00,9,9,0.00,0.00,0,0
1409596637,total,1279130.00,1279250.00,2558380.00,1279250,1279130,1262.00,1264.00,2526.00,1264,1262,0.00,0.00,0,0
1409596638,s1-eth1,1251132.00,27786.00,1278918.00,27786,1251132,830.00,421.00,1251.00,421,830,0.00,0.00,0,0
1409596638,s1-eth2,27786.00,1251132.00,1278918.00,1251132,27786,421.00,830.00,1251.00,830,421,0.00,0.00,0,0
1409596638,eth0,0.00,0.00,0.00,0,0,0.00,0.00,0.00,0,0,0.00,0.00,0,0
1409596638,lo,288.00,288.00,576.00,288,288,3.00,3.00,6.00,3,3,0.00,0.00,0,0
1409596638,total,1279206.00,1279206.00,2558412.00,1279206,1279206,1254.00,1254.00,2508.00,1254,1254,0.00,0.00,0,0
1409596639,s1-eth1,1251174.00,28776.00,1279950.00,28776,1251174,831.00,436.00,1267.00,436,831,0.00,0.00,0,0
1409596639,s1-eth2,28776.00,1251174.00,1279950.00,1251174,28776,436.00,831.00,1267.00,831,436,0.00,0.00,0,0
1409596639,eth0,0.00,0.00,0.00,0,0,0.00,0.00,0.00,0,0,0.00,0.00,0,0
1409596639,lo,0.00,0.00,0.00,0,0,0.00,0.00,0.00,0,0,0.00,0.00,0,0
1409596639,total,1279950.00,1279950.00,2559900.00,1279950,1279950,1267.00,1267.00,2534.00,1267,1267,0.00,0.00,0,0
1409596640,s1-eth1,1250808.00,28512.00,1279320.00,28512,1250808,828.00,432.00,1260.00,432,828,0.00,0.00,0,0
1409596640,s1-eth2,28578.00,1250808.00,1279386.00,1250808,28578,433.00,828.00,1261.00,828,433,0.00,0.00,0,0
1409596640,eth0,0.00,0.00,0.00,0,0,0.00,0.00,0.00,0,0,0.00,0.00,0,0
1409596640,lo,0.00,0.00,0.00,0,0,0.00,0.00,0.00,0,0,0.00,0.00,0,0
1409596640,total,1279386.00,1279320.00,2558706.00,1279320,1279386,1261.00,1260.00,2521.00,1260,1261,0.00,0.00,0,0
1409596641,s1-eth1,1250340.00,27460.00,1277800.00,27460,1250340,828.00,416.00,1244.00,416,828,0.00,0.00,0,0
1409596641,s1-eth2,27394.00,1250340.00,1277734.00,1250340,27394,415.00,828.00,1243.00,828,415,0.00,0.00,0,0
1409596641,eth0,0.00,0.00,0.00,0,0,0.00,0.00,0.00,0,0,0.00,0.00,0,0
1409596641,lo,536.00,536.00,1072.00,536,536,6.00,6.00,12.00,6,6,0.00,0.00,0,0
1409596641,total,1278270.00,1278336.00,2556606.00,1278336,1278270,1249.00,1250.00,2499.00,1250,1249,0.00,0.00,0,0
1409596642,s1-eth1,1251672.00,27390.00,1279062.00,27390,1251672,828.00,415.00,1243.00,415,828,0.00,0.00,0,0
1409596642,s1-eth2,27390.00,1251672.00,1279062.00,1251672,27390,415.00,828.00,1243.00,828,415,0.00,0.00,0,0
1409596642,eth0,0.00,0.00,0.00,0,0,0.00,0.00,0.00,0,0,0.00,0.00,0,0
1409596642,lo,0.00,0.00,0.00,0,0,0.00,0.00,0.00,0,0,0.00,0.00,0,0
1409596642,total,1279062.00,1279062.00,2558124.00,1279062,1279062,1243.00,1243.00,2486.00,1243,1243,0.00,0.00,0,0
1409596643,s1-eth1,1250487.50,27362.64,1277850.12,27390,1251738,828.17,414.59,1242.76,415,829,0.00,0.00,0,0
1409596643,s1-eth2,27362.64,1248975.00,1276337.75,1250224,27390,414.59,827.17,1241.76,828,415,0.00,0.00,0,0
1409596643,eth0,0.00,0.00,0.00,0,0,0.00,0.00,0.00,0,0,0.00,0.00,0,0
1409596643,lo,0.00,0.00,0.00,0,0,0.00,0.00,0.00,0,0,0.00,0.00,0,0
1409596643,total,1276574.88,1275063.88,2551638.75,1277614,1279128,1241.52,1240.52,2482.04,1243,1244,0.00,0.00,0,0
1409596644,s1-eth1,1250158.00,27324.00,1277482.00,27324,1250158,827.00,414.00,1241.00,414,827,0.00,0.00,0,0
1409596644,s1-eth2,27324.00,1253186.00,1280510.00,1253186,27324,414.00,829.00,1243.00,829,414,0.00,0.00,0,0
1409596644,eth0,0.00,416.00,416.00,416,0,0.00,2.00,2.00,2,0,0.00,0.00,0,0
1409596644,lo,0.00,0.00,0.00,0,0,0.00,0.00,0.00,0,0,0.00,0.00,0,0
1409596644,total,1277482.00,1280926.00,2558408.00,1280926,1277482,1241.00,1245.00,2486.00,1245,1241,0.00,0.00,0,0
1409596645,s1-eth1,1251560.00,27324.00,1278884.00,27324,1251560,828.00,414.00,1242.00,414,828,0.00,0.00,0,0
1409596645,s1-eth2,27390.00,1250046.00,1277436.00,1250046,27390,415.00,827.00,1242.00,827,415,0.00,0.00,0,0
1409596645,eth0,0.00,60.00,60.00,60,0,0.00,1.00,1.00,1,0,0.00,0.00,0,0
1409596645,lo,172.00,172.00,344.00,172,172,3.00,3.00,6.00,3,3,0.00,0.00,0,0
1409596645,total,1279122.00,1277602.00,2556724.00,1277602,1279122,1246.00,1245.00,2491.00,1245,1246,0.00,0.00,0,0
1409596646,s1-eth1,1251718.00,27324.00,1279042.00,27324,1251718,827.00,414.00,1241.00,414,827,0.00,0.00,0,0
1409596646,s1-eth2,27324.00,1251718.00,1279042.00,1251718,27324,414.00,827.00,1241.00,827,414,0.00,0.00,0,0
1409596646,eth0,0.00,120.00,120.00,120,0,0.00,2.00,2.00,2,0,0.00,0.00,0,0
1409596646,lo,0.00,0.00,0.00,0,0,0.00,0.00,0.00,0,0,0.00,0.00,0,0
1409596646,total,1279042.00,1279162.00,2558204.00,1279162,1279042,1241.00,1243.00,2484.00,1243,1241,0.00,0.00,0,0
1409596647,s1-eth1,1250158.00,27390.00,1277548.00,27390,1250158,827.00,415.00,1242.00,415,827,0.00,0.00,0,0
1409596647,s1-eth2,27324.00,1250158.00,1277482.00,1250158,27324,414.00,827.00,1241.00,827,414,0.00,0.00,0,0
1409596647,eth0,0.00,120.00,120.00,120,0,0.00,2.00,2.00,2,0,0.00,0.00,0,0
1409596647,lo,0.00,0.00,0.00,0,0,0.00,0.00,0.00,0,0,0.00,0.00,0,0
1409596647,total,1277482.00,1277668.00,2555150.00,1277668,1277482,1241.00,1244.00,2485.00,1244,1241,0.00,0.00,0,0
1409596648,s1-eth1,1251672.00,27390.00,1279062.00,27390,1251672,828.00,415.00,1243.00,415,828,0.00,0.00,0,0
1409596648,s1-eth2,27390.00,1251672.00,1279062.00,1251672,27390,415.00,828.00,1243.00,828,415,0.00,0.00,0,0
1409596648,eth0,0.00,180.00,180.00,180,0,0.00,3.00,3.00,3,0,0.00,0.00,0,0
1409596648,lo,0.00,0.00,0.00,0,0,0.00,0.00,0.00,0,0,0.00,0.00,0,0
1409596648,total,1279062.00,1279242.00,2558304.00,1279242,1279062,1243.00,1246.00,2489.00,1246,1243,0.00,0.00,0,0
1409596649,s1-eth1,1250158.00,27390.00,1277548.00,27390,1250158,827.00,415.00,1242.00,415,827,0.00,0.00,0,0
1409596649,s1-eth2,27390.00,1250158.00,1277548.00,1250158,27390,415.00,827.00,1242.00,827,415,0.00,0.00,0,0
1409596649,eth0,0.00,120.00,120.00,120,0,0.00,2.00,2.00,2,0,0.00,0.00,0,0
1409596649,lo,0.00,0.00,0.00,0,0,0.00,0.00,0.00,0,0,0.00,0.00,0,0
1409596649,total,1277548.00,1277668.00,2555216.00,1277668,1277548,1242.00,1244.00,2486.00,1244,1242,0.00,0.00,0,0
1409596650,s1-eth1,1251672.00,27324.00,1278996.00,27324,1251672,828.00,414.00,1242.00,414,828,0.00,0.00,0,0
1409596650,s1-eth2,27390.00,1251672.00,1279062.00,1251672,27390,415.00,828.00,1243.00,828,415,0.00,0.00,0,0
1409596650,eth0,0.00,120.00,120.00,120,0,0.00,2.00,2.00,2,0,0.00,0.00,0,0
1409596650,lo,172.00,172.00,344.00,172,172,3.00,3.00,6.00,3,3,0.00,0.00,0,0
1409596650,total,1279234.00,1279288.00,2558522.00,1279288,1279234,1246.00,1247.00,2493.00,1247,1246,0.00,0.00,0,0
1409596651,s1-eth1,1251672.00,27390.00,1279062.00,27390,1251672,828.00,415.00,1243.00,415,828,0.00,0.00,0,0
1409596651,s1-eth2,27324.00,1250158.00,1277482.00,1250158,27324,414.00,827.00,1241.00,827,414,0.00,0.00,0,0
1409596651,eth0,60.00,240.00,300.00,240,60,1.00,4.00,5.00,4,1,0.00,0.00,0,0
1409596651,lo,0.00,0.00,0.00,0,0,0.00,0.00,0.00,0,0,0.00,0.00,0,0
1409596651,total,1279056.00,1277788.00,2556844.00,1277788,1279056,1243.00,1246.00,2489.00,1246,1243,0.00,0.00,0,0
1409596652,s1-eth1,1250158.00,27324.00,1277482.00,27324,1250158,827.00,414.00,1241.00,414,827,0.00,0.00,0,0
1409596652,s1-eth2,27390.00,1251672.00,1279062.00,1251672,27390,415.00,828.00,1243.00,828,415,0.00,0.00,0,0
1409596652,eth0,0.00,120.00,120.00,120,0,0.00,2.00,2.00,2,0,0.00,0.00,0,0
1409596652,lo,0.00,0.00,0.00,0,0,0.00,0.00,0.00,0,0,0.00,0.00,0,0
1409596652,total,1277548.00,1279116.00,2556664.00,1279116,1277548,1242.00,1244.00,2486.00,1244,1242,0.00,0.00,0,0
1409596653,s1-eth1,1251672.00,27390.00,1279062.00,27390,1251672,828.00,415.00,1243.00,415,828,0.00,0.00,0,0
1409596653,s1-eth2,27324.00,1250158.00,1277482.00,1250158,27324,414.00,827.00,1241.00,827,414,0.00,0.00,0,0
1409596653,eth0,0.00,120.00,120.00,120,0,0.00,2.00,2.00,2,0,0.00,0.00,0,0
1409596653,lo,0.00,0.00,0.00,0,0,0.00,0.00,0.00,0,0,0.00,0.00,0,0
1409596653,total,1278996.00,1277668.00,2556664.00,1277668,1278996,1242.00,1244.00,2486.00,1244,1242,0.00,0.00,0,0
1409596654,s1-eth1,1250158.00,27258.00,1277416.00,27258,1250158,827.00,413.00,1240.00,413,827,0.00,0.00,0,0
1409596654,s1-eth2,27324.00,1251672.00,1278996.00,1251672,27324,414.00,828.00,1242.00,828,414,0.00,0.00,0,0
1409596654,eth0,0.00,120.00,120.00,120,0,0.00,2.00,2.00,2,0,0.00,0.00,0,0
1409596654,lo,0.00,0.00,0.00,0,0,0.00,0.00,0.00,0,0,0.00,0.00,0,0
1409596654,total,1277482.00,1279050.00,2556532.00,1279050,1277482,1241.00,1243.00,2484.00,1243,1241,0.00,0.00,0,0
1409596655,s1-eth1,1250092.00,27324.00,1277416.00,27324,1250092,826.00,414.00,1240.00,414,826,0.00,0.00,0,0
1409596655,s1-eth2,27324.00,1250092.00,1277416.00,1250092,27324,414.00,826.00,1240.00,826,414,0.00,0.00,0,0
1409596655,eth0,0.00,120.00,120.00,120,0,0.00,2.00,2.00,2,0,0.00,0.00,0,0
1409596655,lo,172.00,172.00,344.00,172,172,3.00,3.00,6.00,3,3,0.00,0.00,0,0
1409596655,total,1277588.00,1277708.00,2555296.00,1277708,1277588,1243.00,1245.00,2488.00,1245,1243,0.00,0.00,0,0
1409596656,s1-eth1,1251672.00,27390.00,1279062.00,27390,1251672,828.00,415.00,1243.00,415,828,0.00,0.00,0,0
1409596656,s1-eth2,27324.00,1251672.00,1278996.00,1251672,27324,414.00,828.00,1242.00,828,414,0.00,0.00,0,0
1409596656,eth0,0.00,120.00,120.00,120,0,0.00,2.00,2.00,2,0,0.00,0.00,0,0
1409596656,lo,0.00,0.00,0.00,0,0,0.00,0.00,0.00,0,0,0.00,0.00,0,0
1409596656,total,1278996.00,1279182.00,2558178.00,1279182,1278996,1242.00,1245.00,2487.00,1245,1242,0.00,0.00,0,0
1409596657,s1-eth1,1251738.00,27390.00,1279128.00,27390,1251738,829.00,415.00,1244.00,415,829,0.00,0.00,0,0
1409596657,s1-eth2,27390.00,1250224.00,1277614.00,1250224,27390,415.00,828.00,1243.00,828,415,0.00,0.00,0,0
1409596657,eth0,0.00,60.00,60.00,60,0,0.00,1.00,1.00,1,0,0.00,0.00,0,0
1409596657,lo,0.00,0.00,0.00,0,0,0.00,0.00,0.00,0,0,0.00,0.00,0,0
1409596657,total,1279128.00,1277674.00,2556802.00,1277674,1279128,1244.00,1244.00,2488.00,1244,1244,0.00,0.00,0,0
1409596658,s1-eth1,1250200.00,27366.00,1277566.00,27366,1250200,828.00,415.00,1243.00,415,828,0.00,0.00,0,0
1409596658,s1-eth2,27432.00,1251714.00,1279146.00,1251714,27432,416.00,829.00,1245.00,829,416,0.00,0.00,0,0
1409596658,eth0,0.00,0.00,0.00,0,0,0.00,0.00,0.00,0,0,0.00,0.00,0,0
1409596658,lo,296.00,296.00,592.00,296,296,3.00,3.00,6.00,3,3,0.00,0.00,0,0
1409596658,total,1277928.00,1279376.00,2557304.00,1279376,1277928,1247.00,1247.00,2494.00,1247,1247,0.00,0.00,0,0
1409596659,s1-eth1,1251738.00,27456.00,1279194.00,27456,1251738,829.00,416.00,1245.00,416,829,0.00,0.00,0,0
1409596659,s1-eth2,27390.00,1251738.00,1279128.00,1251738,27390,415.00,829.00,1244.00,829,415,0.00,0.00,0,0
1409596659,eth0,0.00,0.00,0.00,0,0,0.00,0.00,0.00,0,0,0.00,0.00,0,0
1409596659,lo,0.00,0.00,0.00,0,0,0.00,0.00,0.00,0,0,0.00,0.00,0,0
1409596659,total,1279128.00,1279194.00,2558322.00,1279194,1279128,1244.00,1245.00,2489.00,1245,1244,0.00,0.00,0,0
1409596660,s1-eth1,1250102.00,27258.00,1277360.00,27258,1250102,827.00,413.00,1240.00,413,827,0.00,0.00,0,0
1409596660,s1-eth2,27296.70,1248853.12,1276149.88,1250102,27324,413.59,826.17,1239.76,827,414,0.00,0.00,0,0
1409596660,eth0,0.00,0.00,0.00,0,0,0.00,0.00,0.00,0,0,0.00,0.00,0,0
1409596660,lo,0.00,0.00,0.00,0,0,0.00,0.00,0.00,0,0,0.00,0.00,0,0
1409596660,total,1276149.88,1276084.00,2552233.75,1277360,1277426,1239.76,1238.76,2478.52,1240,1241,0.00,0.00,0,0
1409596661,s1-eth1,1251662.00,27324.00,1278986.00,27324,1251662,827.00,414.00,1241.00,414,827,0.00,0.00,0,0
1409596661,s1-eth2,27258.00,1251662.00,1278920.00,1251662,27258,413.00,827.00,1240.00,827,413,0.00,0.00,0,0
1409596661,eth0,0.00,0.00,0.00,0,0,0.00,0.00,0.00,0,0,0.00,0.00,0,0
1409596661,lo,0.00,0.00,0.00,0,0,0.00,0.00,0.00,0,0,0.00,0.00,0,0
1409596661,total,1278920.00,1278986.00,2557906.00,1278986,1278920,1240.00,1241.00,2481.00,1241,1240,0.00,0.00,0,0
1409596662,s1-eth1,1251672.00,27390.00,1279062.00,27390,1251672,828.00,415.00,1243.00,415,828,0.00,0.00,0,0
1409596662,s1-eth2,27390.00,1250158.00,1277548.00,1250158,27390,415.00,827.00,1242.00,827,415,0.00,0.00,0,0
1409596662,eth0,0.00,0.00,0.00,0,0,0.00,0.00,0.00,0,0,0.00,0.00,0,0
1409596662,lo,172.00,172.00,344.00,172,172,3.00,3.00,6.00,3,3,0.00,0.00,0,0
1409596662,total,1279234.00,1277720.00,2556954.00,1277720,1279234,1246.00,1245.00,2491.00,1245,1246,0.00,0.00,0,0
1409596663,s1-eth1,1250336.00,27390.00,1277726.00,27390,1250336,828.00,415.00,1243.00,415,828,0.00,0.00,0,0
1409596663,s1-eth2,27390.00,1251850.00,1279240.00,1251850,27390,415.00,829.00,1244.00,829,415,0.00,0.00,0,0
1409596663,eth0,0.00,0.00,0.00,0,0,0.00,0.00,0.00,0,0,0.00,0.00,0,0
1409596663,lo,0.00,0.00,0.00,0,0,0.00,0.00,0.00,0,0,0.00,0.00,0,0
1409596663,total,1277726.00,1279240.00,2556966.00,1279240,1277726,1243.00,1244.00,2487.00,1244,1243,0.00,0.00,0,0
1409596664,s1-eth1,1250158.00,27324.00,1277482.00,27324,1250158,827.00,414.00,1241.00,414,827,0.00,0.00,0,0
1409596664,s1-eth2,27390.00,1250158.00,1277548.00,1250158,27390,415.00,827.00,1242.00,827,415,0.00,0.00,0,0
1409596664,eth0,0.00,0.00,0.00,0,0,0.00,0.00,0.00,0,0,0.00,0.00,0,0
1409596664,lo,0.00,0.00,0.00,0,0,0.00,0.00,0.00,0,0,0.00,0.00,0,0
1409596664,total,1277548.00,1277482.00,2555030.00,1277482,1277548,1242.00,1241.00,2483.00,1241,1242,0.00,0.00,0,0
1409596665,s1-eth1,1251672.00,27324.00,1278996.00,27324,1251672,828.00,414.00,1242.00,414,828,0.00,0.00,0,0
1409596665,s1-eth2,27258.00,1251672.00,1278930.00,1251672,27258,413.00,828.00,1241.00,828,413,0.00,0.00,0,0
1409596665,eth0,0.00,60.00,60.00,60,0,0.00,1.00,1.00,1,0,0.00,0.00,0,0
1409596665,lo,0.00,0.00,0.00,0,0,0.00,0.00,0.00,0,0,0.00,0.00,0,0
1409596665,total,1278930.00,1279056.00,2557986.00,1279056,1278930,1241.00,1243.00,2484.00,1243,1241,0.00,0.00,0,0
1409596666,s1-eth1,1246353.00,27176.47,1273529.38,27258,1250092,823.53,411.76,1235.29,413,826,0.00,0.00,0,0
1409596666,s1-eth2,27242.27,1250881.38,1278123.62,1254634,27324,412.76,826.52,1239.28,829,414,0.00,0.00,0,0
1409596666,eth0,0.00,119.64,119.64,120,0,0.00,1.99,1.99,2,0,0.00,0.00,0,0
1409596666,lo,0.00,0.00,0.00,0,0,0.00,0.00,0.00,0,0,0.00,0.00,0,0
1409596666,total,1273595.25,1278177.50,2551772.75,1282012,1277416,1236.29,1240.28,2476.57,1244,1240,0.00,0.00,0,0
1409596667,s1-eth1,1254700.00,27456.00,1282156.00,27456,1254700,830.00,416.00,1246.00,416,830,0.00,0.00,0,0
1409596667,s1-eth2,27456.00,1250158.00,1277614.00,1250158,27456,416.00,827.00,1243.00,827,416,0.00,0.00,0,0
1409596667,eth0,0.00,120.00,120.00,120,0,0.00,2.00,2.00,2,0,0.00,0.00,0,0
1409596667,lo,172.00,172.00,344.00,172,172,3.00,3.00,6.00,3,3,0.00,0.00,0,0
1409596667,total,1282328.00,1277906.00,2560234.00,1277906,1282328,1249.00,1248.00,2497.00,1248,1249,0.00,0.00,0,0
1409596668,s1-eth1,1251738.00,27390.00,1279128.00,27390,1251738,829.00,415.00,1244.00,415,829,0.00,0.00,0,0
1409596668,s1-eth2,27390.00,1251738.00,1279128.00,1251738,27390,415.00,829.00,1244.00,829,415,0.00,0.00,0,0
1409596668,eth0,0.00,180.00,180.00,180,0,0.00,3.00,3.00,3,0,0.00,0.00,0,0
1409596668,lo,0.00,0.00,0.00,0,0,0.00,0.00,0.00,0,0,0.00,0.00,0,0
1409596668,total,1279128.00,1279308.00,2558436.00,1279308,1279128,1244.00,1247.00,2491.00,1247,1244,0.00,0.00,0,0
1409596669,s1-eth1,1250224.00,27390.00,1277614.00,27390,1250224,828.00,415.00,1243.00,415,828,0.00,0.00,0,0
1409596669,s1-eth2,27390.00,1250224.00,1277614.00,1250224,27390,415.00,828.00,1243.00,828,415,0.00,0.00,0,0
1409596669,eth0,0.00,119.88,119.88,120,0,0.00,2.00,2.00,2,0,0.00,0.00,0,0
1409596669,lo,0.00,0.00,0.00,0,0,0.00,0.00,0.00,0,0,0.00,0.00,0,0
1409596669,total,1276337.75,1276457.62,2552795.25,1277734,1277614,1241.76,1243.76,2485.51,1245,1243,0.00,0.00,0,0
1409596670,s1-eth1,1250487.50,27362.64,1277850.12,27390,1251738,828.17,414.59,1242.76,415,829,0.00,0.00,0,0
1409596670,s1-eth2,27324.00,1251738.00,1279062.00,1251738,27324,414.00,829.00,1243.00,829,414,0.00,0.00,0,0
1409596670,eth0,0.00,120.00,120.00,120,0,0.00,2.00,2.00,2,0,0.00,0.00,0,0
1409596670,lo,0.00,0.00,0.00,0,0,0.00,0.00,0.00,0,0,0.00,0.00,0,0
1409596670,total,1279062.00,1279248.00,2558310.00,1279248,1279062,1243.00,1246.00,2489.00,1246,1243,0.00,0.00,0,0
1409596671,s1-eth1,1251616.00,27324.00,1278940.00,27324,1251616,828.00,414.00,1242.00,414,828,0.00,0.00,0,0
1409596671,s1-eth2,27390.00,1250102.00,1277492.00,1250102,27390,415.00,827.00,1242.00,827,415,0.00,0.00,0,0
1409596671,eth0,60.00,240.00,300.00,240,60,1.00,4.00,5.00,4,1,0.00,0.00,0,0
1409596671,lo,0.00,0.00,0.00,0,0,0.00,0.00,0.00,0,0,0.00,0.00,0,0
1409596671,total,1279066.00,1277666.00,2556732.00,1277666,1279066,1244.00,1245.00,2489.00,1245,1244,0.00,0.00,0,0
1409596672,s1-eth1,1250148.00,27258.00,1277406.00,27258,1250148,826.00,413.00,1239.00,413,826,0.00,0.00,0,0
1409596672,s1-eth2,27258.00,1251662.00,1278920.00,1251662,27258,413.00,827.00,1240.00,827,413,0.00,0.00,0,0
1409596672,eth0,0.00,120.00,120.00,120,0,0.00,2.00,2.00,2,0,0.00,0.00,0,0
1409596672,lo,172.00,172.00,344.00,172,172,3.00,3.00,6.00,3,3,0.00,0.00,0,0
1409596672,total,1277578.00,1279212.00,2556790.00,1279212,1277578,1242.00,1245.00,2487.00,1245,1242,0.00,0.00,0,0
1409596673,s1-eth1,1251672.00,27324.00,1278996.00,27324,1251672,828.00,414.00,1242.00,414,828,0.00,0.00,0,0
1409596673,s1-eth2,27324.00,1251672.00,1278996.00,1251672,27324,414.00,828.00,1242.00,828,414,0.00,0.00,0,0
1409596673,eth0,0.00,120.00,120.00,120,0,0.00,2.00,2.00,2,0,0.00,0.00,0,0
1409596673,lo,0.00,0.00,0.00,0,0,0.00,0.00,0.00,0,0,0.00,0.00,0,0
1409596673,total,1278996.00,1279116.00,2558112.00,1279116,1278996,1242.00,1244.00,2486.00,1244,1242,0.00,0.00,0,0
1409596674,s1-eth1,1251042.00,27456.00,1278498.00,27456,1251042,829.00,416.00,1245.00,416,829,0.00,0.00,0,0
1409596674,s1-eth2,27390.00,1249528.00,1276918.00,1249528,27390,415.00,828.00,1243.00,828,415,0.00,0.00,0,0
1409596674,eth0,0.00,536.00,536.00,536,0,0.00,4.00,4.00,4,0,0.00,0.00,0,0
1409596674,lo,0.00,0.00,0.00,0,0,0.00,0.00,0.00,0,0,0.00,0.00,0,0
1409596674,total,1278432.00,1277520.00,2555952.00,1277520,1278432,1244.00,1248.00,2492.00,1248,1244,0.00,0.00,0,0
1409596675,s1-eth1,1250102.00,27258.00,1277360.00,27258,1250102,827.00,413.00,1240.00,413,827,0.00,0.00,0,0
1409596675,s1-eth2,27324.00,1251616.00,1278940.00,1251616,27324,414.00,828.00,1242.00,828,414,0.00,0.00,0,0
1409596675,eth0,0.00,120.00,120.00,120,0,0.00,2.00,2.00,2,0,0.00,0.00,0,0
1409596675,lo,0.00,0.00,0.00,0,0,0.00,0.00,0.00,0,0,0.00,0.00,0,0
1409596675,total,1277426.00,1278994.00,2556420.00,1278994,1277426,1241.00,1243.00,2484.00,1243,1241,0.00,0.00,0,0
1409596676,s1-eth1,1251738.00,27456.00,1279194.00,27456,1251738,829.00,416.00,1245.00,416,829,0.00,0.00,0,0
1409596676,s1-eth2,27390.00,1251738.00,1279128.00,1251738,27390,415.00,829.00,1244.00,829,415,0.00,0.00,0,0
1409596676,eth0,0.00,120.00,120.00,120,0,0.00,2.00,2.00,2,0,0.00,0.00,0,0
1409596676,lo,0.00,0.00,0.00,0,0,0.00,0.00,0.00,0,0,0.00,0.00,0,0
1409596676,total,1279128.00,1279314.00,2558442.00,1279314,1279128,1244.00,1247.00,2491.00,1247,1244,0.00,0.00,0,0
1409596677,s1-eth1,1250046.00,27258.00,1277304.00,27258,1250046,827.00,413.00,1240.00,413,827,0.00,0.00,0,0
1409596677,s1-eth2,27296.70,1248797.25,1276094.00,1250046,27324,413.59,826.17,1239.76,827,414,0.00,0.00,0,0
1409596677,eth0,0.00,119.88,119.88,120,0,0.00,2.00,2.00,2,0,0.00,0.00,0,0
1409596677,lo,171.83,171.83,343.66,172,172,3.00,3.00,5.99,3,3,0.00,0.00,0,0
1409596677,total,1276265.75,1276319.75,2552585.50,1277596,1277542,1242.76,1243.76,2486.51,1245,1244,0.00,0.00,0,0
1409596678,s1-eth1,1250730.62,27335.33,1278065.88,27390,1253232,826.35,414.17,1240.52,415,828,0.00,0.00,0,0
1409596678,s1-eth2,27296.70,1251980.00,1279276.75,1253232,27324,413.59,827.17,1240.76,828,414,0.00,0.00,0,0
1409596678,eth0,0.00,119.88,119.88,120,0,0.00,2.00,2.00,2,0,0.00,0.00,0,0
1409596678,lo,0.00,0.00,0.00,0,0,0.00,0.00,0.00,0,0,0.00,0.00,0,0
1409596678,total,1279276.75,1279462.62,2558739.25,1280742,1280556,1240.76,1243.76,2484.52,1245,1242,0.00,0.00,0,0
1409596679,s1-eth1,1251672.00,27324.00,1278996.00,27324,1251672,828.00,414.00,1242.00,414,828,0.00,0.00,0,0
1409596679,s1-eth2,27390.00,1250158.00,1277548.00,1250158,27390,415.00,827.00,1242.00,827,415,0.00,0.00,0,0
1409596679,eth0,0.00,0.00,0.00,0,0,0.00,0.00,0.00,0,0,0.00,0.00,0,0
1409596679,lo,0.00,0.00,0.00,0,0,0.00,0.00,0.00,0,0,0.00,0.00,0,0
1409596679,total,1279062.00,1277482.00,2556544.00,1277482,1279062,1243.00,1241.00,2484.00,1241,1243,0.00,0.00,0,0
1409596680,s1-eth1,1250158.00,27324.00,1277482.00,27324,1250158,827.00,414.00,1241.00,414,827,0.00,0.00,0,0
1409596680,s1-eth2,27258.00,1251672.00,1278930.00,1251672,27258,413.00,828.00,1241.00,828,413,0.00,0.00,0,0
1409596680,eth0,0.00,0.00,0.00,0,0,0.00,0.00,0.00,0,0,0.00,0.00,0,0
1409596680,lo,0.00,0.00,0.00,0,0,0.00,0.00,0.00,0,0,0.00,0.00,0,0
1409596680,total,1277416.00,1278996.00,2556412.00,1278996,1277416,1240.00,1242.00,2482.00,1242,1240,0.00,0.00,0,0
1409596681,s1-eth1,1251672.00,27324.00,1278996.00,27324,1251672,828.00,414.00,1242.00,414,828,0.00,0.00,0,0
1409596681,s1-eth2,27390.00,1250158.00,1277548.00,1250158,27390,415.00,827.00,1242.00,827,415,0.00,0.00,0,0
1409596681,eth0,0.00,0.00,0.00,0,0,0.00,0.00,0.00,0,0,0.00,0.00,0,0
1409596681,lo,0.00,0.00,0.00,0,0,0.00,0.00,0.00,0,0,0.00,0.00,0,0
1409596681,total,1279062.00,1277482.00,2556544.00,1277482,1279062,1243.00,1241.00,2484.00,1241,1243,0.00,0.00,0,0
1409596682,s1-eth1,1250224.00,27390.00,1277614.00,27390,1250224,828.00,415.00,1243.00,415,828,0.00,0.00,0,0
1409596682,s1-eth2,27324.00,1251738.00,1279062.00,1251738,27324,414.00,829.00,1243.00,829,414,0.00,0.00,0,0
1409596682,eth0,0.00,0.00,0.00,0,0,0.00,0.00,0.00,0,0,0.00,0.00,0,0
1409596682,lo,172.00,172.00,344.00,172,172,3.00,3.00,6.00,3,3,0.00,0.00,0,0
1409596682,total,1277720.00,1279300.00,2557020.00,1279300,1277720,1245.00,1247.00,2492.00,1247,1245,0.00,0.00,0,0
1409596683,s1-eth1,1250742.00,27258.00,1278000.00,27258,1250742,827.00,413.00,1240.00,413,827,0.00,0.00,0,0
1409596683,s1-eth2,27324.00,1250742.00,1278066.00,1250742,27324,414.00,827.00,1241.00,827,414,0.00,0.00,0,0
1409596683,eth0,0.00,0.00,0.00,0,0,0.00,0.00,0.00,0,0,0.00,0.00,0,0
1409596683,lo,0.00,0.00,0.00,0,0,0.00,0.00,0.00,0,0,0.00,0.00,0,0
1409596683,total,1278066.00,1278000.00,2556066.00,1278000,1278066,1241.00,1240.00,2481.00,1240,1241,0.00,0.00,0,0
1409596684,s1-eth1,1251022.00,27366.00,1278388.00,27366,1251022,827.00,415.00,1242.00,415,827,0.00,0.00,0,0
1409596684,s1-eth2,27366.00,1251022.00,1278388.00,1251022,27366,415.00,827.00,1242.00,827,415,0.00,0.00,0,0
1409596684,eth0,0.00,0.00,0.00,0,0,0.00,0.00,0.00,0,0,0.00,0.00,0,0
1409596684,lo,0.00,0.00,0.00,0,0,0.00,0.00,0.00,0,0,0.00,0.00,0,0
1409596684,total,1278388.00,1278388.00,2556776.00,1278388,1278388,1242.00,1242.00,2484.00,1242,1242,0.00,0.00,0,0
1409596685,s1-eth1,1251714.00,27390.00,1279104.00,27390,1251714,829.00,415.00,1244.00,415,829,0.00,0.00,0,0
1409596685,s1-eth2,27390.00,1251714.00,1279104.00,1251714,27390,415.00,829.00,1244.00,829,415,0.00,0.00,0,0
1409596685,eth0,0.00,60.00,60.00,60,0,0.00,1.00,1.00,1,0,0.00,0.00,0,0
1409596685,lo,0.00,0.00,0.00,0,0,0.00,0.00,0.00,0,0,0.00,0.00,0,0
1409596685,total,1279104.00,1279164.00,2558268.00,1279164,1279104,1244.00,1245.00,2489.00,1245,1244,0.00,0.00,0,0
1409596686,s1-eth1,1250336.00,27390.00,1277726.00,27390,1250336,828.00,415.00,1243.00,415,828,0.00,0.00,0,0
1409596686,s1-eth2,27390.00,1250336.00,1277726.00,1250336,27390,415.00,828.00,1243.00,828,415,0.00,0.00,0,0
1409596686,eth0,0.00,120.00,120.00,120,0,0.00,2.00,2.00,2,0,0.00,0.00,0,0
1409596686,lo,0.00,0.00,0.00,0,0,0.00,0.00,0.00,0,0,0.00,0.00,0,0
1409596686,total,1277726.00,1277846.00,2555572.00,1277846,1277726,1243.00,1245.00,2488.00,1245,1243,0.00,0.00,0,0
1409596687,s1-eth1,1251738.00,27390.00,1279128.00,27390,1251738,829.00,415.00,1244.00,415,829,0.00,0.00,0,0
1409596687,s1-eth2,27324.00,1251738.00,1279062.00,1251738,27324,414.00,829.00,1243.00,829,414,0.00,0.00,0,0
1409596687,eth0,90.00,210.00,300.00,210,90,1.00,3.00,4.00,3,1,0.00,0.00,0,0
1409596687,lo,172.00,172.00,344.00,172,172,3.00,3.00,6.00,3,3,0.00,0.00,0,0
1409596687,total,1279324.00,1279510.00,2558834.00,1279510,1279324,1247.00,1250.00,2497.00,1250,1247,0.00,0.00,0,0
1409596688,s1-eth1,1250046.00,27258.00,1277304.00,27258,1250046,827.00,413.00,1240.00,413,827,0.00,0.00,0,0
1409596688,s1-eth2,27324.00,1250046.00,1277370.00,1250046,27324,414.00,827.00,1241.00,827,414,0.00,0.00,0,0
1409596688,eth0,0.00,180.00,180.00,180,0,0.00,3.00,3.00,3,0,0.00,0.00,0,0
1409596688,lo,0.00,0.00,0.00,0,0,0.00,0.00,0.00,0,0,0.00,0.00,0,0
1409596688,total,1277370.00,1277484.00,2554854.00,1277484,1277370,1241.00,1243.00,2484.00,1243,1241,0.00,0.00,0,0
1409596689,s1-eth1,1250533.50,27362.64,1277896.12,27390,1251784,827.17,414.59,1241.76,415,828,0.00,0.00,0,0
1409596689,s1-eth2,27296.70,1250533.50,1277830.25,1251784,27324,413.59,827.17,1240.76,828,414,0.00,0.00,0,0
1409596689,eth0,89.91,209.79,299.70,210,90,1.00,3.00,4.00,3,1,0.00,0.00,0,0
1409596689,lo,0.00,0.00,0.00,0,0,0.00,0.00,0.00,0,0,0.00,0.00,0,0
1409596689,total,1277920.12,1278105.88,2556026.00,1279384,1279198,1241.76,1244.76,2486.51,1246,1243,0.00,0.00,0,0
1409596690,s1-eth1,1251672.00,27324.00,1278996.00,27324,1251672,828.00,414.00,1242.00,414,828,0.00,0.00,0,0
1409596690,s1-eth2,27390.00,1251672.00,1279062.00,1251672,27390,415.00,828.00,1243.00,828,415,0.00,0.00,0,0
1409596690,eth0,0.00,120.00,120.00,120,0,0.00,2.00,2.00,2,0,0.00,0.00,0,0
1409596690,lo,0.00,0.00,0.00,0,0,0.00,0.00,0.00,0,0,0.00,0.00,0,0
1409596690,total,1279062.00,1279116.00,2558178.00,1279116,1279062,1243.00,1244.00,2487.00,1244,1243,0.00,0.00,0,0
1409596691,s1-eth1,1251672.00,27390.00,1279062.00,27390,1251672,828.00,415.00,1243.00,415,828,0.00,0.00,0,0
1409596691,s1-eth2,27390.00,1251672.00,1279062.00,1251672,27390,415.00,828.00,1243.00,828,415,0.00,0.00,0,0
1409596691,eth0,60.00,240.00,300.00,240,60,1.00,4.00,5.00,4,1,0.00,0.00,0,0
1409596691,lo,0.00,0.00,0.00,0,0,0.00,0.00,0.00,0,0,0.00,0.00,0,0
1409596691,total,1279122.00,1279302.00,2558424.00,1279302,1279122,1244.00,1247.00,2491.00,1247,1244,0.00,0.00,0,0
1409596692,s1-eth1,451482.00,9966.00,461448.00,9966,451482,301.00,151.00,452.00,151,301,0.00,0.00,0,0
1409596692,s1-eth2,9966.00,449968.00,459934.00,449968,9966,151.00,300.00,451.00,300,151,0.00,0.00,0,0
1409596692,eth0,0.00,120.00,120.00,120,0,0.00,2.00,2.00,2,0,0.00,0.00,0,0
1409596692,lo,172.00,172.00,344.00,172,172,3.00,3.00,6.00,3,3,0.00,0.00,0,0
1409596692,total,461620.00,460226.00,921846.00,460226,461620,455.00,456.00,911.00,456,455,0.00,0.00,0,0
1409596693,s1-eth1,0.00,0.00,0.00,0,0,0.00,0.00,0.00,0,0,0.00,0.00,0,0
1409596693,s1-eth2,0.00,0.00,0.00,0,0,