1409286592,s1-eth1,0.00,0.00,0.00,0,0,0.00,0.00,0.00,0,0,0.00,0.00,0,0
1409286592,s1-eth2,0.00,0.00,0.00,0,0,0.00,0.00,0.00,0,0,0.00,0.00,0,0
1409286592,eth0,0.00,0.00,0.00,0,0,0.00,0.00,0.00,0,0,0.00,0.00,0,0
1409286592,lo,0.00,0.00,0.00,0,0,0.00,0.00,0.00,0,0,0.00,0.00,0,0
1409286592,total,0.00,0.00,0.00,0,0,0.00,0.00,0.00,0,0,0.00,0.00,0,0
1409286593,s1-eth1,1250689.38,28091.91,1278781.25,28120,1251940,831.17,425.57,1256.74,426,832,0.00,0.00,0,0
1409286593,s1-eth2,28091.91,1250689.38,1278781.25,1251940,28120,425.57,831.17,1256.74,832,426,0.00,0.00,0,0
1409286593,eth0,0.00,0.00,0.00,0,0,0.00,0.00,0.00,0,0,0.00,0.00,0,0
1409286593,lo,535.46,535.46,1070.93,536,536,5.99,5.99,11.99,6,6,0.00,0.00,0,0
1409286593,total,1279316.75,1279316.75,2558633.50,1280596,1280596,1262.74,1262.74,2525.47,1264,1264,0.00,0.00,0,0
1409286594,s1-eth1,1249106.88,27758.24,1276865.12,27786,1250356,829.17,420.58,1249.75,421,830,0.00,0.00,0,0
1409286594,s1-eth2,27758.24,1249106.88,1276865.12,1250356,27786,420.58,829.17,1249.75,830,421,0.00,0.00,0,0
1409286594,eth0,0.00,0.00,0.00,0,0,0.00,0.00,0.00,0,0,0.00,0.00,0,0
1409286594,lo,0.00,0.00,0.00,0,0,0.00,0.00,0.00,0,0,0.00,0.00,0,0
1409286594,total,1276865.12,1276865.12,2553730.25,1278142,1278142,1249.75,1249.75,2499.50,1251,1251,0.00,0.00,0,0
1409286595,s1-eth1,1250553.50,27956.04,1278509.50,27984,1251804,829.17,423.58,1252.75,424,830,0.00,0.00,0,0
1409286595,s1-eth2,27956.04,1250553.50,1278509.50,1251804,27984,423.58,829.17,1252.75,830,424,0.00,0.00,0,0
1409286595,eth0,0.00,0.00,0.00,0,0,0.00,0.00,0.00,0,0,0.00,0.00,0,0
1409286595,lo,0.00,0.00,0.00,0,0,0.00,0.00,0.00,0,0,0.00,0.00,0,0
1409286595,total,1278509.50,1278509.50,2557019.00,1279788,1279788,1252.75,1252.75,2505.49,1254,1254,0.00,0.00,0,0
1409286596,s1-eth1,1250619.38,27824.18,1278443.62,27852,1251870,830.17,421.58,1251.75,422,831,0.00,0.00,0,0
1409286596,s1-eth2,27918.00,1251870.00,1279788.00,1251870,27918,423.00,831.00,1254.00,831,423,0.00,0.00,0,0
1409286596,eth0,0.00,0.00,0.00,0,0,0.00,0.00,0.00,0,0,0.00,0.00,0,0
1409286596,lo,0.00,0.00,0.00,0,0,0.00,0.00,0.00,0,0,0.00,0.00,0,0
1409286596,total,1278509.50,1278443.62,2556953.00,1279722,1279788,1252.75,1251.75,2504.50,1253,1254,0.00,0.00,0,0
1409286597,s1-eth1,1249806.25,27984.02,1277790.25,28012,1251056,829.17,423.58,1252.75,424,830,0.00,0.00,0,0
1409286597,s1-eth2,27918.08,1249806.25,1277724.25,1251056,27946,422.58,829.17,1251.75,830,423,0.00,0.00,0,0
1409286597,eth0,0.00,59.94,59.94,60,0,0.00,1.00,1.00,1,0,0.00,0.00,0,0
1409286597,lo,823.18,823.18,1646.35,824,824,8.99,8.99,17.98,9,9,0.00,0.00,0,0
1409286597,total,1278547.50,1278673.38,2557220.75,1279952,1279826,1260.74,1262.74,2523.48,1264,1262,0.00,0.00,0,0
1409286598,s1-eth1,1252434.00,28050.00,1280484.00,28050,1252434,829.00,425.00,1254.00,425,829,0.00,0.00,0,0
1409286598,s1-eth2,28116.00,1252434.00,1280550.00,1252434,28116,426.00,829.00,1255.00,829,426,0.00,0.00,0,0
1409286598,eth0,0.00,120.00,120.00,120,0,0.00,2.00,2.00,2,0,0.00,0.00,0,0
1409286598,lo,0.00,0.00,0.00,0,0,0.00,0.00,0.00,0,0,0.00,0.00,0,0
1409286598,total,1280550.00,1280604.00,2561154.00,1280604,1280550,1255.00,1256.00,2511.00,1256,1255,0.00,0.00,0,0
1409286599,s1-eth1,1251042.00,28050.00,1279092.00,28050,1251042,829.00,425.00,1254.00,425,829,0.00,0.00,0,0
1409286599,s1-eth2,27984.00,1251042.00,1279026.00,1251042,27984,424.00,829.00,1253.00,829,424,0.00,0.00,0,0
1409286599,eth0,0.00,120.00,120.00,120,0,0.00,2.00,2.00,2,0,0.00,0.00,0,0
1409286599,lo,0.00,0.00,0.00,0,0,0.00,0.00,0.00,0,0,0.00,0.00,0,0
1409286599,total,1279026.00,1279212.00,2558238.00,1279212,1279026,1253.00,1256.00,2509.00,1256,1253,0.00,0.00,0,0
1409286600,s1-eth1,1249736.25,28813.19,1278549.50,28842,1250986,828.17,436.56,1264.74,437,829,0.00,0.00,0,0
1409286600,s1-eth2,28813.19,1251248.75,1280062.00,1252500,28842,436.56,829.17,1265.73,830,437,0.00,0.00,0,0
1409286600,eth0,0.00,119.88,119.88,120,0,0.00,2.00,2.00,2,0,0.00,0.00,0,0
1409286600,lo,0.00,0.00,0.00,0,0,0.00,0.00,0.00,0,0,0.00,0.00,0,0
1409286600,total,1277273.50,1278904.25,2556177.75,1281462,1279828,1263.47,1266.47,2529.94,1269,1266,0.00,0.00,0,0
1409286601,s1-eth1,1252821.25,27432.57,1280253.75,27460,1254074,830.17,415.58,1245.75,416,831,0.00,0.00,0,0
1409286601,s1-eth2,27432.57,1251308.75,1278741.25,1252560,27460,415.58,829.17,1244.76,830,416,0.00,0.00,0,0
1409286601,eth0,0.00,119.88,119.88,120,0,0.00,2.00,2.00,2,0,0.00,0.00,0,0
1409286601,lo,535.46,535.46,1070.93,536,536,5.99,5.99,11.99,6,6,0.00,0.00,0,0
1409286601,total,1282070.00,1280676.00,2562746.00,1280676,1282070,1253.00,1254.00,2507.00,1254,1253,0.00,0.00,0,0
1409286602,s1-eth1,1249660.38,27296.70,1276957.12,27324,1250910,826.17,413.59,1239.76,414,827,0.00,0.00,0,0
1409286602,s1-eth2,27296.70,1249660.38,1276957.12,1250910,27324,413.59,826.17,1239.76,827,414,0.00,0.00,0,0
1409286602,eth0,0.00,119.88,119.88,120,0,0.00,2.00,2.00,2,0,0.00,0.00,0,0
1409286602,lo,0.00,0.00,0.00,0,0,0.00,0.00,0.00,0,0,0.00,0.00,0,0
1409286602,total,1276957.12,1277077.00,2554034.00,1278354,1278234,1239.76,1241.76,2481.52,1243,1241,0.00,0.00,0,0
1409286603,s1-eth1,1250431.62,27296.70,1277728.25,27324,1251682,828.17,413.59,1241.76,414,829,0.00,0.00,0,0
1409286603,s1-eth2,27362.64,1250431.62,1277794.25,1251682,27390,414.59,828.17,1242.76,829,415,0.00,0.00,0,0
1409286603,eth0,0.00,119.88,119.88,120,0,0.00,2.00,2.00,2,0,0.00,0.00,0,0
1409286603,lo,0.00,0.00,0.00,0,0,0.00,0.00,0.00,0,0,0.00,0.00,0,0
1409286603,total,1277794.25,1277848.12,2555642.50,1279126,1279072,1242.76,1243.76,2486.51,1245,1244,0.00,0.00,0,0
1409286604,s1-eth1,1249914.12,27362.64,1277276.75,27390,1251164,829.17,414.59,1243.76,415,830,0.00,0.00,0,0
1409286604,s1-eth2,27362.64,1249914.12,1277276.75,1251164,27390,414.59,829.17,1243.76,830,415,0.00,0.00,0,0
1409286604,eth0,59.94,595.40,655.34,596,60,1.00,5.00,5.99,5,1,0.00,0.00,0,0
1409286604,lo,0.00,0.00,0.00,0,0,0.00,0.00,0.00,0,0,0.00,0.00,0,0
1409286604,total,1277336.75,1277872.12,2555208.75,1279150,1278614,1244.76,1248.75,2493.51,1250,1246,0.00,0.00,0,0
1409286605,s1-eth1,1250742.00,27390.00,1278132.00,27390,1250742,827.00,415.00,1242.00,415,827,0.00,0.00,0,0
1409286605,s1-eth2,27324.00,1250742.00,1278066.00,1250742,27324,414.00,827.00,1241.00,827,414,0.00,0.00,0,0
1409286605,eth0,0.00,120.00,120.00,120,0,0.00,2.00,2.00,2,0,0.00,0.00,0,0
1409286605,lo,0.00,0.00,0.00,0,0,0.00,0.00,0.00,0,0,0.00,0.00,0,0
1409286605,total,1276789.25,1276975.00,2553764.25,1278252,1278066,1239.76,1242.76,2482.52,1244,1241,0.00,0.00,0,0
1409286606,s1-eth1,1251172.88,27296.70,1278469.62,27324,1252424,827.17,413.59,1240.76,414,828,0.00,0.00,0,0
1409286606,s1-eth2,27362.64,1251172.88,1278535.50,1252424,27390,414.59,827.17,1241.76,828,415,0.00,0.00,0,0
1409286606,eth0,0.00,119.88,119.88,120,0,0.00,2.00,2.00,2,0,0.00,0.00,0,0
1409286606,lo,171.83,171.83,343.66,172,172,3.00,3.00,5.99,3,3,0.00,0.00,0,0
1409286606,total,1278707.38,1278761.25,2557468.50,1280040,1279986,1244.76,1245.75,2490.51,1247,1246,0.00,0.00,0,0
1409286607,s1-eth1,1250477.50,27296.70,1277774.25,27324,1251728,827.17,413.59,1240.76,414,828,0.00,0.00,0,0
1409286607,s1-eth2,27296.70,1250477.50,1277774.25,1251728,27324,413.59,827.17,1240.76,828,414,0.00,0.00,0,0
1409286607,eth0,0.00,119.88,119.88,120,0,0.00,2.00,2.00,2,0,0.00,0.00,0,0
1409286607,lo,0.00,0.00,0.00,0,0,0.00,0.00,0.00,0,0,0.00,0.00,0,0
1409286607,total,1279052.00,1279172.00,2558224.00,1279172,1279052,1242.00,1244.00,2486.00,1244,1242,0.00,0.00,0,0
1409286608,s1-eth1,1250910.00,27390.00,1278300.00,27390,1250910,827.00,415.00,1242.00,415,827,0.00,0.00,0,0
1409286608,s1-eth2,27390.00,1250910.00,1278300.00,1250910,27390,415.00,827.00,1242.00,827,415,0.00,0.00,0,0
1409286608,eth0,0.00,120.00,120.00,120,0,0.00,2.00,2.00,2,0,0.00,0.00,0,0
1409286608,lo,0.00,0.00,0.00,0,0,0.00,0.00,0.00,0,0,0.00,0.00,0,0
1409286608,total,1278300.00,1278420.00,2556720.00,1278420,1278300,1242.00,1244.00,2486.00,1244,1242,0.00,0.00,0,0
1409286609,s1-eth1,1248965.12,27296.70,1276261.75,27324,1250214,826.17,413.59,1239.76,414,827,0.00,0.00,0,0
1409286609,s1-eth2,27296.70,1248965.12,1276261.75,1250214,27324,413.59,826.17,1239.76,827,414,0.00,0.00,0,0
1409286609,eth0,0.00,179.82,179.82,180,0,0.00,3.00,3.00,3,0,0.00,0.00,0,0
1409286609,lo,0.00,0.00,0.00,0,0,0.00,0.00,0.00,0,0,0.00,0.00,0,0
1409286609,total,1274988.00,1275167.75,2550155.75,1277718,1277538,1238.52,1241.52,2480.04,1244,1241,0.00,0.00,0,0
1409286610,s1-eth1,1250507.00,27269.46,1277776.50,27324,1253008,826.35,413.17,1239.52,414,828,0.00,0.00,0,0
1409286610,s1-eth2,27269.46,1250507.00,1277776.50,1253008,27324,413.17,826.35,1239.52,828,414,0.00,0.00,0,0
1409286610,eth0,0.00,59.88,59.88,60,0,0.00,1.00,1.00,1,0,0.00,0.00,0,0
1409286610,lo,0.00,0.00,0.00,0,0,0.00,0.00,0.00,0,0,0.00,0.00,0,0
1409286610,total,1277776.50,1277836.38,2555612.75,1280392,1280332,1239.52,1240.52,2480.04,1243,1242,0.00,0.00,0,0
1409286611,s1-eth1,1251728.00,27324.00,1279052.00,27324,1251728,828.00,414.00,1242.00,414,828,0.00,0.00,0,0
1409286611,s1-eth2,27269.46,1249229.62,1276499.00,1251728,27324,413.17,826.35,1239.52,828,414,0.00,0.00,0,0
1409286611,eth0,0.00,0.00,0.00,0,0,0.00,0.00,0.00,0,0,0.00,0.00,0,0
1409286611,lo,171.66,171.66,343.31,172,172,2.99,2.99,5.99,3,3,0.00,0.00,0,0
1409286611,total,1276670.75,1276670.75,2553341.50,1279224,1279224,1242.52,1242.52,2485.03,1245,1245,0.00,0.00,0,0
1409286612,s1-eth1,1251435.12,27335.33,1278770.50,27390,1253938,827.35,414.17,1241.52,415,829,0.00,0.00,0,0
1409286612,s1-eth2,27390.00,1253938.00,1281328.00,1253938,27390,415.00,829.00,1244.00,829,415,0.00,0.00,0,0
1409286612,eth0,0.00,0.00,0.00,0,0,0.00,0.00,0.00,0,0,0.00,0.00,0,0
1409286612,lo,0.00,0.00,0.00,0,0,0.00,0.00,0.00,0,0,0.00,0.00,0,0
1409286612,total,1281328.00,1281328.00,2562656.00,1281328,1281328,1244.00,1244.00,2488.00,1244,1244,0.00,0.00,0,0
1409286613,s1-eth1,1250864.00,27390.00,1278254.00,27390,1250864,828.00,415.00,1243.00,415,828,0.00,0.00,0,0
1409286613,s1-eth2,27390.00,1250864.00,1278254.00,1250864,27390,415.00,828.00,1243.00,828,415,0.00,0.00,0,0
1409286613,eth0,0.00,0.00,0.00,0,0,0.00,0.00,0.00,0,0,0.00,0.00,0,0
1409286613,lo,0.00,0.00,0.00,0,0,0.00,0.00,0.00,0,0,0.00,0.00,0,0
1409286613,total,1278254.00,1278254.00,2556508.00,1278254,1278254,1243.00,1243.00,2486.00,1243,1243,0.00,0.00,0,0
1409286614,s1-eth1,1251018.00,27498.00,1278516.00,27498,1251018,829.00,417.00,1246.00,417,829,0.00,0.00,0,0
1409286614,s1-eth2,27432.00,1251018.00,1278450.00,1251018,27432,416.00,829.00,1245.00,829,416,0.00,0.00,0,0
1409286614,eth0,0.00,0.00,0.00,0,0,0.00,0.00,0.00,0,0,0.00,0.00,0,0
1409286614,lo,296.00,296.00,592.00,296,296,3.00,3.00,6.00,3,3,0.00,0.00,0,0
1409286614,total,1278746.00,1278812.00,2557558.00,1278812,1278746,1248.00,1249.00,2497.00,1249,1248,0.00,0.00,0,0
1409286615,s1-eth1,1250910.00,27324.00,1278234.00,27324,1250910,827.00,414.00,1241.00,414,827,0.00,0.00,0,0
1409286615,s1-eth2,27324.00,1250910.00,1278234.00,1250910,27324,414.00,827.00,1241.00,827,414,0.00,0.00,0,0
1409286615,eth0,0.00,0.00,0.00,0,0,0.00,0.00,0.00,0,0,0.00,0.00,0,0
1409286615,lo,0.00,0.00,0.00,0,0,0.00,0.00,0.00,0,0,0.00,0.00,0,0
1409286615,total,1276957.12,1276957.12,2553914.25,1278234,1278234,1239.76,1239.76,2479.52,1241,1241,0.00,0.00,0,0
1409286616,s1-eth1,1249229.62,27269.46,1276499.00,27324,1251728,826.35,413.17,1239.52,414,828,0.00,0.00,0,0
1409286616,s1-eth2,27269.46,1250740.50,1278010.00,1253242,27324,413.17,827.35,1240.52,829,414,0.00,0.00,0,0
1409286616,eth0,0.00,0.00,0.00,0,0,0.00,0.00,0.00,0,0,0.00,0.00,0,0
1409286616,lo,0.00,0.00,0.00,0,0,0.00,0.00,0.00,0,0,0.00,0.00,0,0
1409286616,total,1275226.38,1276735.75,2551962.25,1280566,1279052,1238.29,1239.28,2477.57,1243,1242,0.00,0.00,0,0
1409286617,s1-eth1,1250141.62,27308.08,1277449.62,27390,1253892,827.52,413.76,1241.28,415,830,0.00,0.00,0,0
1409286617,s1-eth2,27308.08,1248632.12,1275940.12,1252378,27390,413.76,826.52,1240.28,829,415,0.00,0.00,0,0
1409286617,eth0,0.00,59.82,59.82,60,0,0.00,1.00,1.00,1,0,0.00,0.00,0,0
1409286617,lo,0.00,0.00,0.00,0,0,0.00,0.00,0.00,0,0,0.00,0.00,0,0
1409286617,total,1278724.62,1277273.50,2555998.00,1279828,1281282,1242.52,1242.52,2485.03,1245,1245,0.00,0.00,0,0
1409286618,s1-eth1,1250928.12,27401.20,1278329.38,27456,1253430,829.34,415.17,1244.51,416,831,0.00,0.00,0,0
1409286618,s1-eth2,27401.20,1250928.12,1278329.38,1253430,27456,415.17,829.34,1244.51,831,416,0.00,0.00,0,0
1409286618,eth0,0.00,119.76,119.76,120,0,0.00,2.00,2.00,2,0,0.00,0.00,0,0
1409286618,lo,171.66,171.66,343.31,172,172,2.99,2.99,5.99,3,3,0.00,0.00,0,0
1409286618,total,1279778.25,1279898.12,2559676.50,1281178,1281058,1248.75,1250.75,2499.50,1252,1250,0.00,0.00,0,0
1409286619,s1-eth1,1251944.12,27494.51,1279438.62,27522,1253196,829.17,416.58,1245.75,417,830,0.00,0.00,0,0
1409286619,s1-eth2,27494.51,1251944.12,1279438.62,1253196,27522,416.58,829.17,1245.75,830,417,0.00,0.00,0,0
1409286619,eth0,0.00,119.88,119.88,120,0,0.00,2.00,2.00,2,0,0.00,0.00,0,0
1409286619,lo,0.00,0.00,0.00,0,0,0.00,0.00,0.00,0,0,0.00,0.00,0,0
1409286619,total,1279438.62,1279558.50,2558997.00,1280838,1280718,1245.75,1247.75,2493.51,1249,1247,0.00,0.00,0,0
1409286620,s1-eth1,1250742.00,27258.00,1278000.00,27258,1250742,827.00,413.00,1240.00,413,827,0.00,0.00,0,0
1409286620,s1-eth2,27324.00,1250742.00,1278066.00,1250742,27324,414.00,827.00,1241.00,827,414,0.00,0.00,0,0
1409286620,eth0,0.00,179.64,179.64,180,0,0.00,2.99,2.99,3,0,0.00,0.00,0,0
1409286620,lo,0.00,0.00,0.00,0,0,0.00,0.00,0.00,0,0,0.00,0.00,0,0
1409286620,total,1275515.00,1275628.75,2551143.75,1278180,1278066,1238.52,1240.52,2479.04,1243,1241,0.00,0.00,0,0
1409286621,s1-eth1,1249605.25,27373.88,1276979.12,27456,1253354,826.52,414.76,1241.28,416,829,0.00,0.00,0,0
1409286621,s1-eth2,27308.08,1251114.62,1278422.75,1254868,27390,413.76,827.52,1241.28,830,415,0.00,0.00,0,0
1409286621,eth0,0.00,119.76,119.76,120,0,0.00,2.00,2.00,2,0,0.00,0.00,0,0
1409286621,lo,0.00,0.00,0.00,0,0,0.00,0.00,0.00,0,0,0.00,0.00,0,0
1409286621,total,1279464.62,1281162.88,2560627.50,1282444,1280744,1242.76,1246.75,2489.51,1248,1244,0.00,0.00,0,0
1409286622,s1-eth1,1251728.00,27324.00,1279052.00,27324,1251728,828.00,414.00,1242.00,414,828,0.00,0.00,0,0
1409286622,s1-eth2,27390.00,1250214.00,1277604.00,1250214,27390,415.00,827.00,1242.00,827,415,0.00,0.00,0,0
1409286622,eth0,0.00,120.00,120.00,120,0,0.00,2.00,2.00,2,0,0.00,0.00,0,0
1409286622,lo,0.00,0.00,0.00,0,0,0.00,0.00,0.00,0,0,0.00,0.00,0,0
1409286622,total,1279118.00,1277658.00,2556776.00,1277658,1279118,1243.00,1243.00,2486.00,1243,1243,0.00,0.00,0,0
1409286623,s1-eth1,1250243.75,27296.70,1277540.50,27324,1251494,826.17,413.59,1239.76,414,827,0.00,0.00,0,0
1409286623,s1-eth2,27230.77,1250243.75,1277474.50,1251494,27258,412.59,826.17,1238.76,827,413,0.00,0.00,0,0
1409286623,eth0,59.94,239.76,299.70,240,60,1.00,4.00,5.00,4,1,0.00,0.00,0,0
1409286623,lo,171.83,171.83,343.66,172,172,3.00,3.00,5.99,3,3,0.00,0.00,0,0
1409286623,total,1277706.38,1277952.12,2555658.50,1279230,1278984,1242.76,1246.75,2489.51,1248,1244,0.00,0.00,0,0
1409286624,s1-eth1,1249660.38,27362.64,1277023.00,27390,1250910,826.17,414.59,1240.76,415,827,0.00,0.00,0,0
1409286624,s1-eth2,27362.64,1251172.88,1278535.50,1252424,27390,414.59,827.17,1241.76,828,415,0.00,0.00,0,0
1409286624,eth0,0.00,119.88,119.88,120,0,0.00,2.00,2.00,2,0,0.00,0.00,0,0
1409286624,lo,0.00,0.00,0.00,0,0,0.00,0.00,0.00,0,0,0.00,0.00,0,0
1409286624,total,1277023.00,1278655.38,2555678.50,1279934,1278300,1240.76,1243.76,2484.52,1245,1242,0.00,0.00,0,0
1409286625,s1-eth1,1250477.50,27296.70,1277774.25,27324,1251728,827.17,413.59,1240.76,414,828,0.00,0.00,0,0
1409286625,s1-eth2,27362.64,1248965.12,1276327.75,1250214,27390,414.59,826.17,1240.76,827,415,0.00,0.00,0,0
1409286625,eth0,0.00,119.88,119.88,120,0,0.00,2.00,2.00,2,0,0.00,0.00,0,0
1409286625,lo,0.00,0.00,0.00,0,0,0.00,0.00,0.00,0,0,0.00,0.00,0,0
1409286625,total,1277840.25,1276381.62,2554221.75,1277658,1279118,1241.76,1241.76,2483.52,1243,1243,0.00,0.00,0,0
1409286626,s1-eth1,1251878.12,27362.64,1279240.75,27390,1253130,828.17,414.59,1242.76,415,829,0.00,0.00,0,0
1409286626,s1-eth2,27362.64,1251878.12,1279240.75,1253130,27390,414.59,828.17,1242.76,829,415,0.00,0.00,0,0
1409286626,eth0,0.00,119.88,119.88,120,0,0.00,2.00,2.00,2,0,0.00,0.00,0,0
1409286626,lo,0.00,0.00,0.00,0,0,0.00,0.00,0.00,0,0,0.00,0.00,0,0
1409286626,total,1279240.75,1279360.62,2558601.50,1280640,1280520,1242.76,1244.76,2487.51,1246,1244,0.00,0.00,0,0
1409286627,s1-eth1,1249031.00,27296.70,1276327.75,27324,1250280,827.17,413.59,1240.76,414,828,0.00,0.00,0,0
1409286627,s1-eth2,27296.70,1250543.50,1277840.25,1251794,27324,413.59,828.17,1241.76,829,414,0.00,0.00,0,0
1409286627,eth0,0.00,179.82,179.82,180,0,0.00,3.00,3.00,3,0,0.00,0.00,0,0
1409286627,lo,0.00,0.00,0.00,0,0,0.00,0.00,0.00,0,0,0.00,0.00,0,0
1409286627,total,1275053.88,1276744.50,2551798.50,1279298,1277604,1239.52,1243.51,2483.03,1246,1242,0.00,0.00,0,0
1409286628,s1-eth1,1252000.00,27362.64,1279362.62,27390,1253252,829.17,414.59,1243.76,415,830,0.00,0.00,0,0
1409286628,s1-eth2,27296.70,1250487.50,1277784.25,1251738,27324,413.59,828.17,1241.76,829,414,0.00,0.00,0,0
1409286628,eth0,0.00,179.82,179.82,180,0,0.00,3.00,3.00,3,0,0.00,0.00,0,0
1409286628,lo,171.83,171.83,343.66,172,172,3.00,3.00,5.99,3,3,0.00,0.00,0,0
1409286628,total,1279468.62,1278201.88,2557670.50,1279480,1280748,1245.75,1248.75,2494.51,1250,1247,0.00,0.00,0,0
1409286629,s1-eth1,1251126.88,27296.70,1278423.62,27324,1252378,828.17,413.59,1241.76,414,829,0.00,0.00,0,0
1409286629,s1-eth2,27362.64,1251126.88,1278489.50,1252378,27390,414.59,828.17,1242.76,829,415,0.00,0.00,0,0
1409286629,eth0,0.00,59.94,59.94,60,0,0.00,1.00,1.00,1,0,0.00,0.00,0,0
1409286629,lo,0.00,0.00,0.00,0,0,0.00,0.00,0.00,0,0,0.00,0.00,0,0
1409286629,total,1277213.62,1277207.62,2554421.25,1279762,1279768,1241.52,1241.52,2483.03,1244,1244,0.00,0.00,0,0
1409286630,s1-eth1,1251172.88,27230.77,1278403.62,27258,1252424,827.17,412.59,1239.76,413,828,0.00,0.00,0,0
1409286630,s1-eth2,27230.77,1251172.88,1278403.62,1252424,27258,412.59,827.17,1239.76,828,413,0.00,0.00,0,0
1409286630,eth0,0.00,0.00,0.00,0,0,0.00,0.00,0.00,0,0,0.00,0.00,0,0
1409286630,lo,0.00,0.00,0.00,0,0,0.00,0.00,0.00,0,0,0.00,0.00,0,0
1409286630,total,1279682.00,1279682.00,2559364.00,1279682,1279682,1241.00,1241.00,2482.00,1241,1241,0.00,0.00,0,0
1409286631,s1-eth1,1250402.00,27456.00,1277858.00,27456,1250402,829.00,416.00,1245.00,416,829,0.00,0.00,0,0
1409286631,s1-eth2,27390.00,1250402.00,1277792.00,1250402,27390,415.00,829.00,1244.00,829,415,0.00,0.00,0,0
1409286631,eth0,0.00,0.00,0.00,0,0,0.00,0.00,0.00,0,0,0.00,0.00,0,0
1409286631,lo,0.00,0.00,0.00,0,0,0.00,0.00,0.00,0,0,0.00,0.00,0,0
1409286631,total,1277792.00,1277858.00,2555650.00,1277858,1277792,1244.00,1245.00,2489.00,1245,1244,0.00,0.00,0,0
1409286632,s1-eth1,1250046.00,27324.00,1277370.00,27324,1250046,827.00,414.00,1241.00,414,827,0.00,0.00,0,0
1409286632,s1-eth2,27324.00,1250046.00,1277370.00,1250046,27324,414.00,827.00,1241.00,827,414,0.00,0.00,0,0
1409286632,eth0,0.00,0.00,0.00,0,0,0.00,0.00,0.00,0,0,0.00,0.00,0,0
1409286632,lo,0.00,0.00,0.00,0,0,0.00,0.00,0.00,0,0,0.00,0.00,0,0
1409286632,total,1276094.00,1276094.00,2552188.00,1277370,1277370,1239.76,1239.76,2479.52,1241,1241,0.00,0.00,0,0
1409286633,s1-eth1,1251294.75,27296.70,1278591.50,27324,1252546,828.17,413.59,1241.76,414,829,0.00,0.00,0,0
1409286633,s1-eth2,27362.64,1251294.75,1278657.38,1252546,27390,414.59,828.17,1242.76,829,415,0.00,0.00,0,0
1409286633,eth0,0.00,0.00,0.00,0,0,0.00,0.00,0.00,0,0,0.00,0.00,0,0
1409286633,lo,171.83,171.83,343.66,172,172,3.00,3.00,5.99,3,3,0.00,0.00,0,0
1409286633,total,1278829.25,1278763.25,2557592.50,1280042,1280108,1245.75,1244.76,2490.51,1246,1247,0.00,0.00,0,0
1409286634,s1-eth1,1250224.00,27390.00,1277614.00,27390,1250224,828.00,415.00,1243.00,415,828,0.00,0.00,0,0
1409286634,s1-eth2,27296.70,1248975.00,1276271.75,1250224,27324,413.59,827.17,1240.76,828,414,0.00,0.00,0,0
1409286634,eth0,0.00,415.58,415.58,416,0,0.00,2.00,2.00,2,0,0.00,0.00,0,0
1409286634,lo,0.00,0.00,0.00,0,0,0.00,0.00,0.00,0,0,0.00,0.00,0,0
1409286634,total,1276271.75,1276753.25,2553025.00,1278030,1277548,1240.76,1243.76,2484.52,1245,1242,0.00,0.00,0,0
1409286635,s1-eth1,1251211.62,27269.46,1278481.12,27324,1253714,827.35,413.17,1240.52,414,829,0.00,0.00,0,0
1409286635,s1-eth2,27335.33,1251211.62,1278547.00,1253714,27390,414.17,827.35,1241.52,829,415,0.00,0.00,0,0
1409286635,eth0,0.00,0.00,0.00,0,0,0.00,0.00,0.00,0,0,0.00,0.00,0,0
1409286635,lo,0.00,0.00,0.00,0,0,0.00,0.00,0.00,0,0,0.00,0.00,0,0
1409286635,total,1278547.00,1278481.12,2557028.00,1281038,1281104,1241.52,1240.52,2482.04,1243,1244,0.00,0.00,0,0
1409286636,s1-eth1,1251406.62,27428.57,1278835.25,27456,1252658,828.17,415.58,1243.76,416,829,0.00,0.00,0,0
1409286636,s1-eth2,27362.64,1251406.62,1278769.25,1252658,27390,414.59,828.17,1242.76,829,415,0.00,0.00,0,0
1409286636,eth0,0.00,0.00,0.00,0,0,0.00,0.00,0.00,0,0,0.00,0.00,0,0
1409286636,lo,0.00,0.00,0.00,0,0,0.00,0.00,0.00,0,0,0.00,0.00,0,0
1409286636,total,1278769.25,1278835.25,2557604.50,1280114,1280048,1242.76,1243.76,2486.51,1245,1244,0.00,0.00,0,0
1409286637,s1-eth1,1250543.50,27362.64,1277906.12,27390,1251794,828.17,414.59,1242.76,415,829,0.00,0.00,0,0
1409286637,s1-eth2,27428.57,1250543.50,1277972.12,1251794,27456,415.58,828.17,1243.76,829,416,0.00,0.00,0,0
1409286637,eth0,0.00,59.94,59.94,60,0,0.00,1.00,1.00,1,0,0.00,0.00,0,0
1409286637,lo,0.00,0.00,0.00,0,0,0.00,0.00,0.00,0,0,0.00,0.00,0,0
1409286637,total,1276696.62,1276690.62,2553387.25,1279244,1279250,1242.52,1242.52,2485.03,1245,1245,0.00,0.00,0,0
1409286638,s1-eth1,1250421.62,27296.70,1277718.38,27324,1251672,827.17,413.59,1240.76,414,828,0.00,0.00,0,0
1409286638,s1-eth2,27296.70,1250421.62,1277718.38,1251672,27324,413.59,827.17,1240.76,828,414,0.00,0.00,0,0
1409286638,eth0,0.00,119.88,119.88,120,0,0.00,2.00,2.00,2,0,0.00,0.00,0,0
1409286638,lo,171.83,171.83,343.66,172,172,3.00,3.00,5.99,3,3,0.00,0.00,0,0
1409286638,total,1277890.12,1278010.00,2555900.25,1279288,1279168,1243.76,1245.75,2489.51,1247,1245,0.00,0.00,0,0
1409286639,s1-eth1,1251248.75,27362.64,1278611.38,27390,1252500,829.17,414.59,1243.76,415,830,0.00,0.00,0,0
1409286639,s1-eth2,27362.64,1251248.75,1278611.38,1252500,27390,414.59,829.17,1243.76,830,415,0.00,0.00,0,0
1409286639,eth0,0.00,119.88,119.88,120,0,0.00,2.00,2.00,2,0,0.00,0.00,0,0
1409286639,lo,0.00,0.00,0.00,0,0,0.00,0.00,0.00,0,0,0.00,0.00,0,0
1409286639,total,1278611.38,1278731.25,2557342.75,1280010,1279890,1243.76,1245.75,2489.51,1247,1245,0.00,0.00,0,0
1409286640,s1-eth1,1249614.38,27296.70,1276911.12,27324,1250864,827.17,413.59,1240.76,414,828,0.00,0.00,0,0
1409286640,s1-eth2,27324.00,1250864.00,1278188.00,1250864,27324,414.00,828.00,1242.00,828,414,0.00,0.00,0,0
1409286640,eth0,0.00,179.82,179.82,180,0,0.00,3.00,3.00,3,0,0.00,0.00,0,0
1409286640,lo,0.00,0.00,0.00,0,0,0.00,0.00,0.00,0,0,0.00,0.00,0,0
1409286640,total,1276911.12,1277091.00,2554002.00,1278368,1278188,1240.76,1243.76,2484.52,1245,1242,0.00,0.00,0,0
1409286641,s1-eth1,1250355.62,27296.70,1277652.38,27324,1251606,826.17,413.59,1239.76,414,827,0.00,0.00,0,0
1409286641,s1-eth2,27296.70,1250355.62,1277652.38,1251606,27324,413.59,826.17,1239.76,827,414,0.00,0.00,0,0
1409286641,eth0,0.00,120.00,120.00,120,0,0.00,2.00,2.00,2,0,0.00,0.00,0,0
1409286641,lo,0.00,0.00,0.00,0,0,0.00,0.00,0.00,0,0,0.00,0.00,0,0
1409286641,total,1277652.38,1277772.25,2555424.75,1279050,1278930,1239.76,1241.76,2481.52,1243,1241,0.00,0.00,0,0
1409286642,s1-eth1,1251172.88,27362.64,1278535.50,27390,1252424,827.17,414.59,1241.76,415,828,0.00,0.00,0,0
1409286642,s1-eth2,27362.64,1251172.88,1278535.50,1252424,27390,414.59,827.17,1241.76,828,415,0.00,0.00,0,0
1409286642,eth0,0.00,119.88,119.88,120,0,0.00,2.00,2.00,2,0,0.00,0.00,0,0
1409286642,lo,0.00,0.00,0.00,0,0,0.00,0.00,0.00,0,0,0.00,0.00,0,0
1409286642,total,1278535.50,1278655.38,2557191.00,1279934,1279814,1241.76,1243.76,2485.51,1245,1243,0.00,0.00,0,0
1409286643,s1-eth1,1249824.25,27338.66,1277162.88,27366,1251074,828.17,414.59,1242.76,415,829,0.00,0.00,0,0
1409286643,s1-eth2,27338.66,1249824.25,1277162.88,1251074,27366,414.59,828.17,1242.76,829,415,0.00,0.00,0,0
1409286643,eth0,59.94,239.76,299.70,240,60,1.00,4.00,5.00,4,1,0.00,0.00,0,0
1409286643,lo,171.83,171.83,343.66,172,172,3.00,3.00,5.99,3,3,0.00,0.00,0,0
1409286643,total,1277394.62,1277574.50,2554969.00,1278852,1278672,1246.75,1249.75,2496.50,1251,1248,0.00,0.00,0,0
1409286644,s1-eth1,1251172.88,27296.70,1278469.62,27324,1252424,827.17,413.59,1240.76,414,828,0.00,0.00,0,0
1409286644,s1-eth2,27296.70,1251172.88,1278469.62,1252424,27324,413.59,827.17,1240.76,828,414,0.00,0.00,0,0
1409286644,eth0,0.00,119.88,119.88,120,0,0.00,2.00,2.00,2,0,0.00,0.00,0,0
1409286644,lo,0.00,0.00,0.00,0,0,0.00,0.00,0.00,0,0,0.00,0.00,0,0
1409286644,total,1278469.62,1278589.50,2557059.00,1279868,1279748,1240.76,1242.76,2483.52,1244,1242,0.00,0.00,0,0
1409286645,s1-eth1,1251061.00,27362.64,1278423.62,27390,1252312,827.17,414.59,1241.76,415,828,0.00,0.00,0,0
1409286645,s1-eth2,27296.70,1251061.00,1278357.62,1252312,27324,413.59,827.17,1240.76,828,414,0.00,0.00,0,0
1409286645,eth0,0.00,119.88,119.88,120,0,0.00,2.00,2.00,2,0,0.00,0.00,0,0
1409286645,lo,0.00,0.00,0.00,0,0,0.00,0.00,0.00,0,0,0.00,0.00,0,0
1409286645,total,1279636.00,1279822.00,2559458.00,1279822,1279636,1242.00,1245.00,2487.00,1245,1242,0.00,0.00,0,0
1409286646,s1-eth1,1250910.00,27324.00,1278234.00,27324,1250910,827.00,414.00,1241.00,414,827,0.00,0.00,0,0
1409286646,s1-eth2,27324.00,1250910.00,1278234.00,1250910,27324,414.00,827.00,1241.00,827,414,0.00,0.00,0,0
1409286646,eth0,0.00,119.88,119.88,120,0,0.00,2.00,2.00,2,0,0.00,0.00,0,0
1409286646,lo,0.00,0.00,0.00,0,0,0.00,0.00,0.00,0,0,0.00,0.00,0,0
1409286646,total,1276957.12,1277077.00,2554034.00,1278354,1278234,1239.76,1241.76,2481.52,1243,1241,0.00,0.00,0,0
1409286647,s1-eth1,1250477.50,27296.70,1277774.25,27324,1251728,827.17,413.59,1240.76,414,828,0.00,0.00,0,0
1409286647,s1-eth2,27362.64,1250477.50,1277840.25,1251728,27390,414.59,827.17,1241.76,828,415,0.00,0.00,0,0
1409286647,eth0,0.00,119.88,119.88,120,0,0.00,2.00,2.00,2,0,0.00,0.00,0,0
1409286647,lo,0.00,0.00,0.00,0,0,0.00,0.00,0.00,0,0,0.00,0.00,0,0
1409286647,total,1277840.25,1277894.12,2555734.25,1279172,1279118,1241.76,1242.76,2484.52,1244,1243,0.00,0.00,0,0
1409286648,s1-eth1,1249117.75,27335.33,1276453.12,27390,1251616,826.35,414.17,1240.52,415,828,0.00,0.00,0,0
1409286648,s1-eth2,27269.46,1250628.75,1277898.25,1253130,27324,413.17,827.35,1240.52,829,414,0.00,0.00,0,0
1409286648,eth0,0.00,59.88,59.88,60,0,0.00,1.00,1.00,1,0,0.00,0.00,0,0
1409286648,lo,171.66,171.66,343.31,172,172,2.99,2.99,5.99,3,3,0.00,0.00,0,0
1409286648,total,1276558.88,1278195.62,2554754.50,1280752,1279112,1242.52,1245.51,2488.02,1248,1245,0.00,0.00,0,0
1409286649,s1-eth1,1252000.00,27362.64,1279362.62,27390,1253252,829.17,414.59,1243.76,415,830,0.00,0.00,0,0
1409286649,s1-eth2,27428.57,1250487.50,1277916.12,1251738,27456,415.58,828.17,1243.76,829,416,0.00,0.00,0,0
1409286649,eth0,0.00,0.00,0.00,0,0,0.00,0.00,0.00,0,0,0.00,0.00,0,0
1409286649,lo,0.00,0.00,0.00,0,0,0.00,0.00,0.00,0,0,0.00,0.00,0,0
1409286649,total,1279428.62,1277850.12,2557278.75,1279128,1280708,1244.76,1242.76,2487.51,1244,1246,0.00,0.00,0,0
1409286650,s1-eth1,1250411.62,27296.70,1277708.38,27324,1251662,826.17,413.59,1239.76,414,827,0.00,0.00,0,0
1409286650,s1-eth2,27230.77,1250411.62,1277642.38,1251662,27258,412.59,826.17,1238.76,827,413,0.00,0.00,0,0
1409286650,eth0,0.00,0.00,0.00,0,0,0.00,0.00,0.00,0,0,0.00,0.00,0,0
1409286650,lo,0.00,0.00,0.00,0,0,0.00,0.00,0.00,0,0,0.00,0.00,0,0
1409286650,total,1276367.25,1276433.12,2552800.50,1278986,1278920,1237.52,1238.52,2476.05,1241,1240,0.00,0.00,0,0
1409286651,s1-eth1,1250365.62,27296.70,1277662.38,27324,1251616,827.17,413.59,1240.76,414,828,0.00,0.00,0,0
1409286651,s1-eth2,27362.64,1250365.62,1277728.25,1251616,27390,414.59,827.17,1241.76,828,415,0.00,0.00,0,0
1409286651,eth0,0.00,0.00,0.00,0,0,0.00,0.00,0.00,0,0,0.00,0.00,0,0
1409286651,lo,0.00,0.00,0.00,0,0,0.00,0.00,0.00,0,0,0.00,0.00,0,0
1409286651,total,1279006.00,1278940.00,2557946.00,1278940,1279006,1243.00,1242.00,2485.00,1242,1243,0.00,0.00,0,0
1409286652,s1-eth1,419810.00,9306.00,429116.00,9306,419810,281.00,141.00,422.00,141,281,0.00,0.00,0,0
1409286652,s1-eth2,9306.00,418296.00,427602.00,418296,9306,141.00,280.00,421.00,280,141,0.00,0.00,0,0
1409286652,eth0,0.00,0.00,0.00,0,0,0.00,0.00,0.00,0,0,0.00,0.00,0,0
1409286652,lo,0.00,0.00,0.00,0,0,0.00,0.00,0.00,0,0,0.00,0.00,0,0
1409286652,total,429116.00,427602.00,856718.00,427602,429116,422.00,421.00,843.00,421,422,0.00,0.00,0,0
1409286653,s1-eth1,0.00,0.00,0.00,0,0,0.00,0.00,0.00,0,0,0.00,0.00,0,0
1409286653,s1-eth2,0.00,0.00,0.00,0,0,0.00,0.00,0.00,0,0,0.00,0.00,0,0
140