1409616002,s1-eth1,0.00,0.00,0.00,0,0,0.00,0.00,0.00,0,0,0.00,0.00,0,0
1409616002,s1-eth2,0.00,0.00,0.00,0,0,0.00,0.00,0.00,0,0,0.00,0.00,0,0
1409616002,s2-eth1,0.00,0.00,0.00,0,0,0.00,0.00,0.00,0,0,0.00,0.00,0,0
1409616002,s2-eth2,0.00,0.00,0.00,0,0,0.00,0.00,0.00,0,0,0.00,0.00,0,0
1409616002,s3-eth1,0.00,0.00,0.00,0,0,0.00,0.00,0.00,0,0,0.00,0.00,0,0
1409616002,s3-eth2,0.00,0.00,0.00,0,0,0.00,0.00,0.00,0,0,0.00,0.00,0,0
1409616002,eth0,0.00,0.00,0.00,0,0,0.00,0.00,0.00,0,0,0.00,0.00,0,0
1409616002,lo,0.00,0.00,0.00,0,0,0.00,0.00,0.00,0,0,0.00,0.00,0,0
1409616002,total,0.00,0.00,0.00,0,0,0.00,0.00,0.00,0,0,0.00,0.00,0,0
1409616003,s1-eth1,27918.00,1250356.00,1278274.00,1250356,27918,423.00,830.00,1253.00,830,423,0.00,0.00,0,0
1409616003,s1-eth2,1250356.00,27918.00,1278274.00,27918,1250356,830.00,423.00,1253.00,423,830,0.00,0.00,0,0
1409616003,s2-eth1,27918.00,1250356.00,1278274.00,1250356,27918,423.00,830.00,1253.00,830,423,0.00,0.00,0,0
1409616003,s2-eth2,1249106.88,27956.04,1277063.00,27984,1250356,829.17,423.58,1252.75,424,830,0.00,0.00,0,0
1409616003,s3-eth1,1249106.88,27956.04,1277063.00,27984,1250356,829.17,423.58,1252.75,424,830,0.00,0.00,0,0
1409616003,s3-eth2,27956.04,1249106.88,1277063.00,1250356,27984,423.58,829.17,1252.75,830,424,0.00,0.00,0,0
1409616003,eth0,0.00,59.94,59.94,60,0,0.00,1.00,1.00,1,0,0.00,0.00,0,0
1409616003,lo,0.00,0.00,0.00,0,0,0.00,0.00,0.00,0,0,0.00,0.00,0,0
1409616003,total,3831057.00,3831183.00,7662240.00,3835014,3834888,3756.24,3758.24,7514.49,3762,3760,0.00,0.00,0,0
1409616004,s1-eth1,28153.85,1251436.62,1279590.50,1252688,28182,426.57,831.17,1257.74,832,427,0.00,0.00,0,0
1409616004,s1-eth2,1251436.62,28087.91,1279524.50,28116,1252688,831.17,425.57,1256.74,426,832,0.00,0.00,0,0
1409616004,s2-eth1,28087.91,1251436.62,1279524.50,1252688,28116,425.57,831.17,1256.74,832,426,0.00,0.00,0,0
1409616004,s2-eth2,1251436.62,28087.91,1279524.50,28116,1252688,831.17,425.57,1256.74,426,832,0.00,0.00,0,0
1409616004,s3-eth1,1251436.62,28087.91,1279524.50,28116,1252688,831.17,425.57,1256.74,426,832,0.00,0.00,0,0
1409616004,s3-eth2,28087.91,1251436.62,1279524.50,1252688,28116,425.57,831.17,1256.74,832,426,0.00,0.00,0,0
1409616004,eth0,0.00,0.00,0.00,0,0,0.00,0.00,0.00,0,0,0.00,0.00,0,0
1409616004,lo,0.00,0.00,0.00,0,0,0.00,0.00,0.00,0,0,0.00,0.00,0,0
1409616004,total,3838639.50,3838573.50,7677213.00,3842412,3842478,3771.23,3770.23,7541.46,3774,3775,0.00,0.00,0,0
1409616005,s1-eth1,27890.11,1250553.50,1278443.62,1251804,27918,422.58,829.17,1251.75,830,423,0.00,0.00,0,0
1409616005,s1-eth2,1250553.50,27890.11,1278443.62,27918,1251804,829.17,422.58,1251.75,423,830,0.00,0.00,0,0
1409616005,s2-eth1,27890.11,1250553.50,1278443.62,1251804,27918,422.58,829.17,1251.75,830,423,0.00,0.00,0,0
1409616005,s2-eth2,1250553.50,27890.11,1278443.62,27918,1251804,829.17,422.58,1251.75,423,830,0.00,0.00,0,0
1409616005,s3-eth1,1250553.50,27890.11,1278443.62,27918,1251804,829.17,422.58,1251.75,423,830,0.00,0.00,0,0
1409616005,s3-eth2,27890.11,1250553.50,1278443.62,1251804,27918,422.58,829.17,1251.75,830,423,0.00,0.00,0,0
1409616005,eth0,0.00,59.88,59.88,60,0,0.00,1.00,1.00,1,0,0.00,0.00,0,0
1409616005,lo,0.00,0.00,0.00,0,0,0.00,0.00,0.00,0,0,0.00,0.00,0,0
1409616005,total,3831503.00,3831563.00,7663066.00,3839226,3839166,3751.50,3752.50,7503.99,3760,3759,0.00,0.00,0,0
1409616006,s1-eth1,27734.53,1249441.12,1277175.62,1251940,27790,420.16,830.34,1250.50,832,421,0.00,0.00,0,0
1409616006,s1-eth2,1250952.12,27734.53,1278686.62,27790,1253454,831.34,420.16,1251.50,421,833,0.00,0.00,0,0
1409616006,s2-eth1,27734.53,1250952.12,1278686.62,1253454,27790,420.16,831.34,1251.50,833,421,0.00,0.00,0,0
1409616006,s2-eth2,1252201.88,27762.24,1279964.12,27790,1253454,832.17,420.58,1252.75,421,833,0.00,0.00,0,0
1409616006,s3-eth1,1252201.88,27762.24,1279964.12,27790,1253454,832.17,420.58,1252.75,421,833,0.00,0.00,0,0
1409616006,s3-eth2,27762.24,1252201.88,1279964.12,1253454,27790,420.58,832.17,1252.75,833,421,0.00,0.00,0,0
1409616006,eth0,0.00,0.00,0.00,0,0,0.00,0.00,0.00,0,0,0.00,0.00,0,0
1409616006,lo,1556.00,1556.00,3112.00,1556,1556,17.00,17.00,34.00,17,17,0.00,0.00,0,0
1409616006,total,3845288.00,3843774.00,7689062.00,3843774,3845288,3779.00,3778.00,7557.00,3778,3779,0.00,0.00,0,0
1409616007,s1-eth1,27786.00,1250986.00,1278772.00,1250986,27786,421.00,829.00,1250.00,829,421,0.00,0.00,0,0
1409616007,s1-eth2,1248223.75,27824.18,1276048.00,27852,1249472,827.17,421.58,1248.75,422,828,0.00,0.00,0,0
1409616007,s2-eth1,27824.18,1248223.75,1276048.00,1249472,27852,421.58,827.17,1248.75,828,422,0.00,0.00,0,0
1409616007,s2-eth2,1249736.25,27758.24,1277494.50,27786,1250986,828.17,420.58,1248.75,421,829,0.00,0.00,0,0
1409616007,s3-eth1,1249736.25,27824.18,1277560.50,27852,1250986,828.17,421.58,1249.75,422,829,0.00,0.00,0,0
1409616007,s3-eth2,27758.24,1249736.25,1277494.50,1250986,27786,420.58,828.17,1248.75,829,421,0.00,0.00,0,0
1409616007,eth0,0.00,0.00,0.00,0,0,0.00,0.00,0.00,0,0,0.00,0.00,0,0
1409616007,lo,51.95,51.95,103.90,52,52,1.00,1.00,2.00,1,1,0.00,0.00,0,0
1409616007,total,3831089.00,3831155.00,7662244.00,3834986,3834920,3747.25,3748.25,7495.50,3752,3751,0.00,0.00,0,0
1409616008,s1-eth1,27824.18,1251460.62,1279284.75,1252712,27852,421.58,831.17,1252.75,832,422,0.00,0.00,0,0
1409616008,s1-eth2,1251460.62,27758.24,1279218.88,27786,1252712,831.17,420.58,1251.75,421,832,0.00,0.00,0,0
1409616008,s2-eth1,27758.24,1251460.62,1279218.88,1252712,27786,420.58,831.17,1251.75,832,421,0.00,0.00,0,0
1409616008,s2-eth2,1249948.12,27824.18,1277772.25,27852,1251198,830.17,421.58,1251.75,422,831,0.00,0.00,0,0
1409616008,s3-eth1,1249948.12,27758.24,1277706.38,27786,1251198,830.17,420.58,1250.75,421,831,0.00,0.00,0,0
1409616008,s3-eth2,27824.18,1249948.12,1277772.25,1251198,27852,421.58,830.17,1251.75,831,422,0.00,0.00,0,0
1409616008,eth0,0.00,0.00,0.00,0,0,0.00,0.00,0.00,0,0,0.00,0.00,0,0
1409616008,lo,863.14,863.14,1726.27,864,864,8.99,8.99,17.98,9,9,0.00,0.00,0,0
1409616008,total,3835626.50,3837073.00,7672699.50,3840910,3839462,3764.24,3764.24,7528.47,3768,3768,0.00,0.00,0,0
1409616009,s1-eth1,28285.71,1250553.50,1278839.25,1251804,28314,428.57,829.17,1257.74,830,429,0.00,0.00,0,0
1409616009,s1-eth2,1250553.50,28351.65,1278905.12,28380,1251804,829.17,429.57,1258.74,430,830,0.00,0.00,0,0
1409616009,s2-eth1,28351.65,1250553.50,1278905.12,1251804,28380,429.57,829.17,1258.74,830,430,0.00,0.00,0,0
1409616009,s2-eth2,1249305.38,28257.49,1277562.88,28314,1251804,828.34,428.14,1256.49,429,830,0.00,0.00,0,0
1409616009,s3-eth1,1250553.50,28285.71,1278839.25,28314,1251804,829.17,428.57,1257.74,429,830,0.00,0.00,0,0
1409616009,s3-eth2,28285.71,1250553.50,1278839.25,1251804,28314,428.57,829.17,1257.74,830,429,0.00,0.00,0,0
1409616009,eth0,0.00,59.94,59.94,60,0,0.00,1.00,1.00,1,0,0.00,0.00,0,0
1409616009,lo,0.00,0.00,0.00,0,0,0.00,0.00,0.00,0,0,0.00,0.00,0,0
1409616009,total,3836583.50,3836643.50,7673227.00,3840480,3840420,3774.23,3775.22,7549.45,3779,3778,0.00,0.00,0,0
1409616010,s1-eth1,28747.25,1250501.50,1279248.75,1251752,28776,435.56,829.17,1264.74,830,436,0.00,0.00,0,0
1409616010,s1-eth2,1251682.00,28780.00,1280462.00,28780,1251682,829.00,436.00,1265.00,436,829,0.00,0.00,0,0
1409616010,s2-eth1,28780.00,1251682.00,1280462.00,1251682,28780,436.00,829.00,1265.00,829,436,0.00,0.00,0,0
1409616010,s2-eth2,1251682.00,28846.00,1280528.00,28846,1251682,829.00,437.00,1266.00,437,829,0.00,0.00,0,0
1409616010,s3-eth1,1251682.00,28912.00,1280594.00,28912,1251682,829.00,438.00,1267.00,438,829,0.00,0.00,0,0
1409616010,s3-eth2,28846.00,1251682.00,1280528.00,1251682,28846,437.00,829.00,1266.00,829,437,0.00,0.00,0,0
1409616010,eth0,0.00,120.00,120.00,120,0,0.00,2.00,2.00,2,0,0.00,0.00,0,0
1409616010,lo,1020.00,1020.00,2040.00,1020,1020,11.00,11.00,22.00,11,11,0.00,0.00,0,0
1409616010,total,3842468.00,3842794.00,7685262.00,3842794,3842468,3807.00,3812.00,7619.00,3812,3807,0.00,0.00,0,0
1409616011,s1-eth1,27550.00,1250148.00,1277698.00,1250148,27550,417.00,826.00,1243.00,826,417,0.00,0.00,0,0
1409616011,s1-eth2,1250218.00,27480.00,1277698.00,27480,1250218,827.00,416.00,1243.00,416,827,0.00,0.00,0,0
1409616011,s2-eth1,27480.00,1250218.00,1277698.00,1250218,27480,416.00,827.00,1243.00,827,416,0.00,0.00,0,0
1409616011,s2-eth2,1250218.00,27414.00,1277632.00,27414,1250218,827.00,415.00,1242.00,415,827,0.00,0.00,0,0
1409616011,s3-eth1,1250218.00,27414.00,1277632.00,27414,1250218,827.00,415.00,1242.00,415,827,0.00,0.00,0,0
1409616011,s3-eth2,27414.00,1250218.00,1277632.00,1250218,27414,415.00,827.00,1242.00,827,415,0.00,0.00,0,0
1409616011,eth0,0.00,120.00,120.00,120,0,0.00,2.00,2.00,2,0,0.00,0.00,0,0
1409616011,lo,1452.00,1452.00,2904.00,1452,1452,16.00,16.00,32.00,16,16,0.00,0.00,0,0
1409616011,total,3834550.00,3834464.00,7669014.00,3834464,3834550,3745.00,3744.00,7489.00,3744,3745,0.00,0.00,0,0
1409616012,s1-eth1,27296.70,1249660.38,1276957.12,1250910,27324,413.59,826.17,1239.76,827,414,0.00,0.00,0,0
1409616012,s1-eth2,1249660.38,27362.64,1277023.00,27390,1250910,826.17,414.59,1240.76,415,827,0.00,0.00,0,0
1409616012,s2-eth1,27362.64,1249660.38,1277023.00,1250910,27390,414.59,826.17,1240.76,827,415,0.00,0.00,0,0
1409616012,s2-eth2,1249660.38,27362.64,1277023.00,27390,1250910,826.17,414.59,1240.76,415,827,0.00,0.00,0,0
1409616012,s3-eth1,1249660.38,27296.70,1276957.12,27324,1250910,826.17,413.59,1239.76,414,827,0.00,0.00,0,0
1409616012,s3-eth2,27362.64,1249660.38,1277023.00,1250910,27390,414.59,826.17,1240.76,827,415,0.00,0.00,0,0
1409616012,eth0,0.00,119.88,119.88,120,0,0.00,2.00,2.00,2,0,0.00,0.00,0,0
1409616012,lo,0.00,0.00,0.00,0,0,0.00,0.00,0.00,0,0,0.00,0.00,0,0
1409616012,total,3831003.00,3831123.00,7662126.00,3834954,3834834,3721.28,3723.28,7444.56,3727,3725,0.00,0.00,0,0
1409616013,s1-eth1,27494.51,1251878.12,1279372.62,1253130,27522,416.58,828.17,1244.76,829,417,0.00,0.00,0,0
1409616013,s1-eth2,1251878.12,27428.57,1279306.75,27456,1253130,828.17,415.58,1243.76,416,829,0.00,0.00,0,0
1409616013,s2-eth1,27428.57,1251878.12,1279306.75,1253130,27456,415.58,828.17,1243.76,829,416,0.00,0.00,0,0
1409616013,s2-eth2,1251878.12,27494.51,1279372.62,27522,1253130,828.17,416.58,1244.76,417,829,0.00,0.00,0,0
1409616013,s3-eth1,1251878.12,27494.51,1279372.62,27522,1253130,828.17,416.58,1244.76,417,829,0.00,0.00,0,0
1409616013,s3-eth2,27494.51,1251878.12,1279372.62,1253130,27522,416.58,828.17,1244.76,829,417,0.00,0.00,0,0
1409616013,eth0,0.00,119.88,119.88,120,0,0.00,2.00,2.00,2,0,0.00,0.00,0,0
1409616013,lo,0.00,0.00,0.00,0,0,0.00,0.00,0.00,0,0,0.00,0.00,0,0
1409616013,total,3838052.00,3838172.00,7676224.00,3842010,3841890,3733.27,3735.26,7468.53,3739,3737,0.00,0.00,0,0
1409616014,s1-eth1,27428.57,1250487.50,1277916.12,1251738,27456,415.58,828.17,1243.76,829,416,0.00,0.00,0,0
1409616014,s1-eth2,1250487.50,27428.57,1277916.12,27456,1251738,828.17,415.58,1243.76,416,829,0.00,0.00,0,0
1409616014,s2-eth1,27428.57,1250487.50,1277916.12,1251738,27456,415.58,828.17,1243.76,829,416,0.00,0.00,0,0
1409616014,s2-eth2,1250487.50,27428.57,1277916.12,27456,1251738,828.17,415.58,1243.76,416,829,0.00,0.00,0,0
1409616014,s3-eth1,1250487.50,27428.57,1277916.12,27456,1251738,828.17,415.58,1243.76,416,829,0.00,0.00,0,0
1409616014,s3-eth2,27428.57,1250487.50,1277916.12,1251738,27456,415.58,828.17,1243.76,829,416,0.00,0.00,0,0
1409616014,eth0,0.00,119.88,119.88,120,0,0.00,2.00,2.00,2,0,0.00,0.00,0,0
1409616014,lo,0.00,0.00,0.00,0,0,0.00,0.00,0.00,0,0,0.00,0.00,0,0
1409616014,total,3833748.25,3833868.25,7667616.50,3837702,3837582,3731.27,3733.27,7464.54,3737,3735,0.00,0.00,0,0
1409616015,s1-eth1,27560.44,1249726.25,1277286.75,1250976,27588,417.58,827.17,1244.76,828,418,0.00,0.00,0,0
1409616015,s1-eth2,1249726.25,27560.44,1277286.75,27588,1250976,827.17,417.58,1244.76,418,828,0.00,0.00,0,0
1409616015,s2-eth1,27560.44,1249726.25,1277286.75,1250976,27588,417.58,827.17,1244.76,828,418,0.00,0.00,0,0
1409616015,s2-eth2,1251238.75,27560.44,1278799.25,27588,1252490,828.17,417.58,1245.75,418,829,0.00,0.00,0,0
1409616015,s3-eth1,1251238.75,27560.44,1278799.25,27588,1252490,828.17,417.58,1245.75,418,829,0.00,0.00,0,0
1409616015,s3-eth2,27560.44,1251238.75,1278799.25,1252490,27588,417.58,828.17,1245.75,829,418,0.00,0.00,0,0
1409616015,eth0,0.00,119.88,119.88,120,0,0.00,2.00,2.00,2,0,0.00,0.00,0,0
1409616015,lo,0.00,0.00,0.00,0,0,0.00,0.00,0.00,0,0,0.00,0.00,0,0
1409616015,total,3834885.25,3833492.50,7668378.00,3837326,3838720,3736.26,3737.26,7473.53,3741,3740,0.00,0.00,0,0
1409616016,s1-eth1,27296.70,1251822.25,1279118.88,1253074,27324,413.59,828.17,1241.76,829,414,0.00,0.00,0,0
1409616016,s1-eth2,1251822.25,27296.70,1279118.88,27324,1253074,828.17,413.59,1241.76,414,829,0.00,0.00,0,0
1409616016,s2-eth1,27296.70,1251822.25,1279118.88,1253074,27324,413.59,828.17,1241.76,829,414,0.00,0.00,0,0
1409616016,s2-eth2,1250309.75,27296.70,1277606.38,27324,1251560,827.17,413.59,1240.76,414,828,0.00,0.00,0,0
1409616016,s3-eth1,1250309.75,27296.70,1277606.38,27324,1251560,827.17,413.59,1240.76,414,828,0.00,0.00,0,0
1409616016,s3-eth2,27296.70,1250309.75,1277606.38,1251560,27324,413.59,827.17,1240.76,828,414,0.00,0.00,0,0
1409616016,eth0,59.94,239.76,299.70,240,60,1.00,4.00,5.00,4,1,0.00,0.00,0,0
1409616016,lo,515.48,515.48,1030.97,516,516,8.99,8.99,17.98,9,9,0.00,0.00,0,0
1409616016,total,3834907.25,3836599.50,7671506.50,3840436,3838742,3733.27,3737.26,7470.53,3741,3737,0.00,0.00,0,0
1409616017,s1-eth1,27296.70,1249660.38,1276957.12,1250910,27324,413.59,826.17,1239.76,827,414,0.00,0.00,0,0
1409616017,s1-eth2,1249660.38,27296.70,1276957.12,27324,1250910,826.17,413.59,1239.76,414,827,0.00,0.00,0,0
1409616017,s2-eth1,27296.70,1249660.38,1276957.12,1250910,27324,413.59,826.17,1239.76,827,414,0.00,0.00,0,0
1409616017,s2-eth2,1249660.38,27230.77,1276891.12,27258,1250910,826.17,412.59,1238.76,413,827,0.00,0.00,0,0
1409616017,s3-eth1,1249660.38,27296.70,1276957.12,27324,1250910,826.17,413.59,1239.76,414,827,0.00,0.00,0,0
1409616017,s3-eth2,27230.77,1249660.38,1276891.12,1250910,27258,412.59,826.17,1238.76,827,413,0.00,0.00,0,0
1409616017,eth0,0.00,119.88,119.88,120,0,0.00,2.00,2.00,2,0,0.00,0.00,0,0
1409616017,lo,0.00,0.00,0.00,0,0,0.00,0.00,0.00,0,0,0.00,0.00,0,0
1409616017,total,3830805.25,3830925.25,7661730.50,3834756,3834636,3718.28,3720.28,7438.56,3724,3722,0.00,0.00,0,0
1409616018,s1-eth1,27296.70,1250477.50,1277774.25,1251728,27324,413.59,827.17,1240.76,828,414,0.00,0.00,0,0
1409616018,s1-eth2,1250477.50,27296.70,1277774.25,27324,1251728,827.17,413.59,1240.76,414,828,0.00,0.00,0,0
1409616018,s2-eth1,27362.64,1250477.50,1277840.25,1251728,27390,414.59,827.17,1241.76,828,415,0.00,0.00,0,0
1409616018,s2-eth2,1250477.50,27362.64,1277840.25,27390,1251728,827.17,414.59,1241.76,415,828,0.00,0.00,0,0
1409616018,s3-eth1,1250477.50,27296.70,1277774.25,27324,1251728,827.17,413.59,1240.76,414,828,0.00,0.00,0,0
1409616018,s3-eth2,27362.64,1250477.50,1277840.25,1251728,27390,414.59,827.17,1241.76,828,415,0.00,0.00,0,0
1409616018,eth0,0.00,534.93,534.93,536,0,0.00,3.99,3.99,4,0,0.00,0.00,0,0
1409616018,lo,0.00,0.00,0.00,0,0,0.00,0.00,0.00,0,0,0.00,0.00,0,0
1409616018,total,3829628.75,3830098.00,7659727.00,3837758,3837288,3720.56,3723.55,7444.11,3731,3728,0.00,0.00,0,0
1409616019,s1-eth1,27335.33,1251435.12,1278770.50,1253938,27390,414.17,827.35,1241.52,829,415,0.00,0.00,0,0
1409616019,s1-eth2,1251435.12,27335.33,1278770.50,27390,1253938,827.35,414.17,1241.52,415,829,0.00,0.00,0,0
1409616019,s2-eth1,27269.46,1251435.12,1278704.62,1253938,27324,413.17,827.35,1240.52,829,414,0.00,0.00,0,0
1409616019,s2-eth2,1251435.12,27335.33,1278770.50,27390,1253938,827.35,414.17,1241.52,415,829,0.00,0.00,0,0
1409616019,s3-eth1,1251435.12,27401.20,1278836.38,27456,1253938,827.35,415.17,1242.52,416,829,0.00,0.00,0,0
1409616019,s3-eth2,27335.33,1251435.12,1278770.50,1253938,27390,414.17,827.35,1241.52,829,415,0.00,0.00,0,0
1409616019,eth0,0.00,119.88,119.88,120,0,0.00,2.00,2.00,2,0,0.00,0.00,0,0
1409616019,lo,0.00,0.00,0.00,0,0,0.00,0.00,0.00,0,0,0.00,0.00,0,0
1409616019,total,3840078.00,3840329.75,7680408.00,3844170,3843918,3727.27,3731.27,7458.54,3735,3731,0.00,0.00,0,0
1409616020,s1-eth1,27362.64,1249726.25,1277089.00,1250976,27390,414.59,827.17,1241.76,828,415,0.00,0.00,0,0
1409616020,s1-eth2,1249726.25,27428.57,1277154.88,27456,1250976,827.17,415.58,1242.76,416,828,0.00,0.00,0,0
1409616020,s2-eth1,27428.57,1249726.25,1277154.88,1250976,27456,415.58,827.17,1242.76,828,416,0.00,0.00,0,0
1409616020,s2-eth2,1249990.00,27335.33,1277325.38,27390,1252490,827.35,414.17,1241.52,415,829,0.00,0.00,0,0
1409616020,s3-eth1,1249990.00,27335.33,1277325.38,27390,1252490,827.35,414.17,1241.52,415,829,0.00,0.00,0,0
1409616020,s3-eth2,27335.33,1249990.00,1277325.38,1252490,27390,414.17,827.35,1241.52,829,415,0.00,0.00,0,0
1409616020,eth0,0.00,119.76,119.76,120,0,0.00,2.00,2.00,2,0,0.00,0.00,0,0
1409616020,lo,0.00,0.00,0.00,0,0,0.00,0.00,0.00,0,0,0.00,0.00,0,0
1409616020,total,3830531.00,3829139.75,7659671.00,3836798,3838192,3724.55,3725.55,7450.10,3733,3732,0.00,0.00,0,0
1409616021,s1-eth1,27362.64,1251304.75,1278667.38,1252556,27390,414.59,829.17,1243.76,830,415,0.00,0.00,0,0
1409616021,s1-eth2,1251304.75,27362.64,1278667.38,27390,1252556,829.17,414.59,1243.76,415,830,0.00,0.00,0,0
1409616021,s2-eth1,27362.64,1251304.75,1278667.38,1252556,27390,414.59,829.17,1243.76,830,415,0.00,0.00,0,0
1409616021,s2-eth2,1249792.25,27362.64,1277154.88,27390,1251042,828.17,414.59,1242.76,415,829,0.00,0.00,0,0
1409616021,s3-eth1,1252556.00,27390.00,1279946.00,27390,1252556,830.00,415.00,1245.00,415,830,0.00,0.00,0,0
1409616021,s3-eth2,27390.00,1251042.00,1278432.00,1251042,27390,415.00,829.00,1244.00,829,415,0.00,0.00,0,0
1409616021,eth0,0.00,120.00,120.00,120,0,0.00,2.00,2.00,2,0,0.00,0.00,0,0
1409616021,lo,516.00,516.00,1032.00,516,516,9.00,9.00,18.00,9,9,0.00,0.00,0,0
1409616021,total,3838840.00,3838960.00,7677800.00,3838960,3838840,3743.00,3745.00,7488.00,3745,3743,0.00,0.00,0,0
1409616022,s1-eth1,27324.00,1251560.00,1278884.00,1251560,27324,414.00,828.00,1242.00,828,414,0.00,0.00,0,0
1409616022,s1-eth2,1251560.00,27258.00,1278818.00,27258,1251560,828.00,413.00,1241.00,413,828,0.00,0.00,0,0
1409616022,s2-eth1,27258.00,1251560.00,1278818.00,1251560,27258,413.00,828.00,1241.00,828,413,0.00,0.00,0,0
1409616022,s2-eth2,1251560.00,27324.00,1278884.00,27324,1251560,828.00,414.00,1242.00,414,828,0.00,0.00,0,0
1409616022,s3-eth1,1250046.00,27258.00,1277304.00,27258,1250046,827.00,413.00,1240.00,413,827,0.00,0.00,0,0
1409616022,s3-eth2,27324.00,1251560.00,1278884.00,1251560,27324,414.00,828.00,1242.00,828,414,0.00,0.00,0,0
1409616022,eth0,0.00,119.88,119.88,120,0,0.00,2.00,2.00,2,0,0.00,0.00,0,0
1409616022,lo,0.00,0.00,0.00,0,0,0.00,0.00,0.00,0,0,0.00,0.00,0,0
1409616022,total,3831240.75,3832807.25,7664048.00,3836640,3835072,3720.28,3722.28,7442.56,3726,3724,0.00,0.00,0,0
1409616023,s1-eth1,27230.77,1250411.62,1277642.38,1251662,27258,412.59,826.17,1238.76,827,413,0.00,0.00,0,0
1409616023,s1-eth2,1250411.62,27296.70,1277708.38,27324,1251662,826.17,413.59,1239.76,414,827,0.00,0.00,0,0
1409616023,s2-eth1,27296.70,1250411.62,1277708.38,1251662,27324,413.59,826.17,1239.76,827,414,0.00,0.00,0,0
1409616023,s2-eth2,1250411.62,27230.77,1277642.38,27258,1251662,826.17,412.59,1238.76,413,827,0.00,0.00,0,0
1409616023,s3-eth1,1250411.62,27296.70,1277708.38,27324,1251662,826.17,413.59,1239.76,414,827,0.00,0.00,0,0
1409616023,s3-eth2,27258.00,1251662.00,1278920.00,1251662,27258,413.00,827.00,1240.00,827,413,0.00,0.00,0,0
1409616023,eth0,0.00,60.00,60.00,60,0,0.00,1.00,1.00,1,0,0.00,0.00,0,0
1409616023,lo,0.00,0.00,0.00,0,0,0.00,0.00,0.00,0,0,0.00,0.00,0,0
1409616023,total,3836826.00,3836952.00,7673778.00,3836952,3836826,3721.00,3723.00,7444.00,3723,3721,0.00,0.00,0,0
1409616024,s1-eth1,27390.00,1250910.00,1278300.00,1250910,27390,415.00,827.00,1242.00,827,415,0.00,0.00,0,0
1409616024,s1-eth2,1250910.00,27324.00,1278234.00,27324,1250910,827.00,414.00,1241.00,414,827,0.00,0.00,0,0
1409616024,s2-eth1,27324.00,1250910.00,1278234.00,1250910,27324,414.00,827.00,1241.00,827,414,0.00,0.00,0,0
1409616024,s2-eth2,1250910.00,27390.00,1278300.00,27390,1250910,827.00,415.00,1242.00,415,827,0.00,0.00,0,0
1409616024,s3-eth1,1250910.00,27324.00,1278234.00,27324,1250910,827.00,414.00,1241.00,414,827,0.00,0.00,0,0
1409616024,s3-eth2,27362.64,1249660.38,1277023.00,1250910,27390,414.59,826.17,1240.76,827,415,0.00,0.00,0,0
1409616024,eth0,0.00,0.00,0.00,0,0,0.00,0.00,0.00,0,0,0.00,0.00,0,0
1409616024,lo,0.00,0.00,0.00,0,0,0.00,0.00,0.00,0,0,0.00,0.00,0,0
1409616024,total,3831003.00,3830937.25,7661940.50,3834768,3834834,3721.28,3720.28,7441.56,3724,3725,0.00,0.00,0,0
1409616025,s1-eth1,27362.64,1249792.25,1277154.88,1251042,27390,414.59,828.17,1242.76,829,415,0.00,0.00,0,0
1409616025,s1-eth2,1249792.25,27362.64,1277154.88,27390,1251042,828.17,414.59,1242.76,415,829,0.00,0.00,0,0
1409616025,s2-eth1,27362.64,1249792.25,1277154.88,1251042,27390,414.59,828.17,1242.76,829,415,0.00,0.00,0,0
1409616025,s2-eth2,1249792.25,27362.64,1277154.88,27390,1251042,828.17,414.59,1242.76,415,829,0.00,0.00,0,0
1409616025,s3-eth1,1249792.25,27362.64,1277154.88,27390,1251042,828.17,414.59,1242.76,415,829,0.00,0.00,0,0
1409616025,s3-eth2,27362.64,1249792.25,1277154.88,1251042,27390,414.59,828.17,1242.76,829,415,0.00,0.00,0,0
1409616025,eth0,0.00,0.00,0.00,0,0,0.00,0.00,0.00,0,0,0.00,0.00,0,0
1409616025,lo,0.00,0.00,0.00,0,0,0.00,0.00,0.00,0,0,0.00,0.00,0,0
1409616025,total,3831464.75,3831464.75,7662929.50,3835296,3835296,3728.27,3728.27,7456.54,3732,3732,0.00,0.00,0,0
1409616026,s1-eth1,27296.70,1251126.88,1278423.62,1252378,27324,413.59,828.17,1241.76,829,414,0.00,0.00,0,0
1409616026,s1-eth2,1251126.88,27296.70,1278423.62,27324,1252378,828.17,413.59,1241.76,414,829,0.00,0.00,0,0
1409616026,s2-eth1,27296.70,1251126.88,1278423.62,1252378,27324,413.59,828.17,1241.76,829,414,0.00,0.00,0,0
1409616026,s2-eth2,1251126.88,27296.70,1278423.62,27324,1252378,828.17,413.59,1241.76,414,829,0.00,0.00,0,0
1409616026,s3-eth1,1251126.88,27296.70,1278423.62,27324,1252378,828.17,413.59,1241.76,414,829,0.00,0.00,0,0
1409616026,s3-eth2,27296.70,1251126.88,1278423.62,1252378,27324,413.59,828.17,1241.76,829,414,0.00,0.00,0,0
1409616026,eth0,0.00,0.00,0.00,0,0,0.00,0.00,0.00,0,0,0.00,0.00,0,0
1409616026,lo,515.48,515.48,1030.97,516,516,8.99,8.99,17.98,9,9,0.00,0.00,0,0
1409616026,total,3835786.25,3835786.25,7671572.50,3839622,3839622,3734.27,3734.27,7468.53,3738,3738,0.00,0.00,0,0
1409616027,s1-eth1,27296.70,1250599.38,1277896.12,1251850,27324,413.59,828.17,1241.76,829,414,0.00,0.00,0,0
1409616027,s1-eth2,1250599.38,27362.64,1277962.12,27390,1251850,828.17,414.59,1242.76,415,829,0.00,0.00,0,0
1409616027,s2-eth1,27362.64,1250599.38,1277962.12,1251850,27390,414.59,828.17,1242.76,829,415,0.00,0.00,0,0
1409616027,s2-eth2,1250599.38,27296.70,1277896.12,27324,1251850,828.17,413.59,1241.76,414,829,0.00,0.00,0,0
1409616027,s3-eth1,1250599.38,27362.64,1277962.12,27390,1251850,828.17,414.59,1242.76,415,829,0.00,0.00,0,0
1409616027,s3-eth2,27296.70,1250599.38,1277896.12,1251850,27324,413.59,828.17,1241.76,829,414,0.00,0.00,0,0
1409616027,eth0,0.00,0.00,0.00,0,0,0.00,0.00,0.00,0,0,0.00,0.00,0,0
1409616027,lo,0.00,0.00,0.00,0,0,0.00,0.00,0.00,0,0,0.00,0.00,0,0
1409616027,total,3833754.25,3833820.25,7667574.50,3837654,3837588,3726.27,3727.27,7453.55,3731,3730,0.00,0.00,0,0
1409616028,s1-eth1,27296.70,1249436.62,1276733.25,1250686,27324,413.59,826.17,1239.76,827,414,0.00,0.00,0,0
1409616028,s1-eth2,1249436.62,27296.70,1276733.25,27324,1250686,826.17,413.59,1239.76,414,827,0.00,0.00,0,0
1409616028,s2-eth1,27296.70,1249436.62,1276733.25,1250686,27324,413.59,826.17,1239.76,827,414,0.00,0.00,0,0
1409616028,s2-eth2,1250949.12,27296.70,1278245.75,27324,1252200,827.17,413.59,1240.76,414,828,0.00,0.00,0,0
1409616028,s3-eth1,1250949.12,27296.70,1278245.75,27324,1252200,827.17,413.59,1240.76,414,828,0.00,0.00,0,0
1409616028,s3-eth2,27296.70,1250949.12,1278245.75,1252200,27324,413.59,827.17,1240.76,828,414,0.00,0.00,0,0
1409616028,eth0,0.00,0.00,0.00,0,0,0.00,0.00,0.00,0,0,0.00,0.00,0,0
1409616028,lo,0.00,0.00,0.00,0,0,0.00,0.00,0.00,0,0,0.00,0.00,0,0
1409616028,total,3833225.00,3831712.50,7664937.50,3835544,3837058,3721.28,3720.28,7441.56,3724,3725,0.00,0.00,0,0
1409616029,s1-eth1,27362.64,1251406.62,1278769.25,1252658,27390,414.59,828.17,1242.76,829,415,0.00,0.00,0,0
1409616029,s1-eth2,1251406.62,27296.70,1278703.38,27324,1252658,828.17,413.59,1241.76,414,829,0.00,0.00,0,0
1409616029,s2-eth1,27296.70,1251406.62,1278703.38,1252658,27324,413.59,828.17,1241.76,829,414,0.00,0.00,0,0
1409616029,s2-eth2,1249894.12,27296.70,1277190.88,27324,1251144,827.17,413.59,1240.76,414,828,0.00,0.00,0,0
1409616029,s3-eth1,1249894.12,27296.70,1277190.88,27324,1251144,827.17,413.59,1240.76,414,828,0.00,0.00,0,0
1409616029,s3-eth2,27296.70,1249894.12,1277190.88,1251144,27324,413.59,827.17,1240.76,828,414,0.00,0.00,0,0
1409616029,eth0,0.00,59.94,59.94,60,0,0.00,1.00,1.00,1,0,0.00,0.00,0,0
1409616029,lo,0.00,0.00,0.00,0,0,0.00,0.00,0.00,0,0,0.00,0.00,0,0
1409616029,total,3833151.00,3834657.50,7667808.50,3838492,3836984,3724.28,3725.27,7449.55,3729,3728,0.00,0.00,0,0
1409616030,s1-eth1,27296.70,1250243.75,1277540.50,1251494,27324,413.59,826.17,1239.76,827,414,0.00,0.00,0,0
1409616030,s1-eth2,1250243.75,27296.70,1277540.50,27324,1251494,826.17,413.59,1239.76,414,827,0.00,0.00,0,0
1409616030,s2-eth1,27296.70,1250243.75,1277540.50,1251494,27324,413.59,826.17,1239.76,827,414,0.00,0.00,0,0
1409616030,s2-eth2,1250243.75,27296.70,1277540.50,27324,1251494,826.17,413.59,1239.76,414,827,0.00,0.00,0,0
1409616030,s3-eth1,1250243.75,27296.70,1277540.50,27324,1251494,826.17,413.59,1239.76,414,827,0.00,0.00,0,0
1409616030,s3-eth2,27296.70,1250243.75,1277540.50,1251494,27324,413.59,826.17,1239.76,827,414,0.00,0.00,0,0
1409616030,eth0,0.00,119.88,119.88,120,0,0.00,2.00,2.00,2,0,0.00,0.00,0,0
1409616030,lo,0.00,0.00,0.00,0,0,0.00,0.00,0.00,0,0,0.00,0.00,0,0
1409616030,total,3832621.50,3832741.25,7665363.00,3836574,3836454,3719.28,3721.28,7440.56,3725,3723,0.00,0.00,0,0
1409616031,s1-eth1,27362.64,1251294.75,1278657.38,1252546,27390,414.59,828.17,1242.76,829,415,0.00,0.00,0,0
1409616031,s1-eth2,1251294.75,27362.64,1278657.38,27390,1252546,828.17,414.59,1242.76,415,829,0.00,0.00,0,0
1409616031,s2-eth1,27362.64,1251294.75,1278657.38,1252546,27390,414.59,828.17,1242.76,829,415,0.00,0.00,0,0
1409616031,s2-eth2,1251294.75,27428.57,1278723.25,27456,1252546,828.17,415.58,1243.76,416,829,0.00,0.00,0,0
1409616031,s3-eth1,1251294.75,27362.64,1278657.38,27390,1252546,828.17,414.59,1242.76,415,829,0.00,0.00,0,0
1409616031,s3-eth2,27428.57,1251294.75,1278723.25,1252546,27456,415.58,828.17,1243.76,829,416,0.00,0.00,0,0
1409616031,eth0,0.00,119.88,119.88,120,0,0.00,2.00,2.00,2,0,0.00,0.00,0,0
1409616031,lo,515.48,515.48,1030.97,516,516,8.99,8.99,17.98,9,9,0.00,0.00,0,0
1409616031,total,3836553.50,3836673.50,7673227.00,3840510,3840390,3738.26,3740.26,7478.52,3744,3742,0.00,0.00,0,0
1409616032,s1-eth1,27362.64,1249792.25,1277154.88,1251042,27390,414.59,828.17,1242.76,829,415,0.00,0.00,0,0
1409616032,s1-eth2,1249792.25,27362.64,1277154.88,27390,1251042,828.17,414.59,1242.76,415,829,0.00,0.00,0,0
1409616032,s2-eth1,27362.64,1249792.25,1277154.88,1251042,27390,414.59,828.17,1242.76,829,415,0.00,0.00,0,0
1409616032,s2-eth2,1249792.25,27296.70,1277089.00,27324,1251042,828.17,413.59,1241.76,414,829,0.00,0.00,0,0
1409616032,s3-eth1,1249792.25,27362.64,1277154.88,27390,1251042,828.17,414.59,1242.76,415,829,0.00,0.00,0,0
1409616032,s3-eth2,27324.00,1251042.00,1278366.00,1251042,27324,414.00,829.00,1243.00,829,414,0.00,0.00,0,0
1409616032,eth0,0.00,120.00,120.00,120,0,0.00,2.00,2.00,2,0,0.00,0.00,0,0
1409616032,lo,0.00,0.00,0.00,0,0,0.00,0.00,0.00,0,0,0.00,0.00,0,0
1409616032,total,3835230.00,3835350.00,7670580.00,3835350,3835230,3731.00,3733.00,7464.00,3733,3731,0.00,0.00,0,0
1409616033,s1-eth1,27324.00,1250224.00,1277548.00,1250224,27324,414.00,828.00,1242.00,828,414,0.00,0.00,0,0
1409616033,s1-eth2,1250224.00,27390.00,1277614.00,27390,1250224,828.00,415.00,1243.00,415,828,0.00,0.00,0,0
1409616033,s2-eth1,27390.00,1250224.00,1277614.00,1250224,27390,415.00,828.00,1243.00,828,415,0.00,0.00,0,0
1409616033,s2-eth2,1251738.00,27390.00,1279128.00,27390,1251738,829.00,415.00,1244.00,415,829,0.00,0.00,0,0
1409616033,s3-eth1,1250487.50,27362.64,1277850.12,27390,1251738,828.17,414.59,1242.76,415,829,0.00,0.00,0,0
1409616033,s3-eth2,27362.64,1250487.50,1277850.12,1251738,27390,414.59,828.17,1242.76,829,415,0.00,0.00,0,0
1409616033,eth0,0.00,119.88,119.88,120,0,0.00,2.00,2.00,2,0,0.00,0.00,0,0
1409616033,lo,0.00,0.00,0.00,0,0,0.00,0.00,0.00,0,0,0.00,0.00,0,0
1409616033,total,3831972.25,3830645.50,7662617.50,3834476,3835804,3726.27,3728.27,7454.55,3732,3730,0.00,0.00,0,0
1409616034,s1-eth1,27269.46,1249924.12,1277193.62,1252424,27324,413.17,826.35,1239.52,828,414,0.00,0.00,0,0
1409616034,s1-eth2,1249924.12,27203.59,1277127.75,27258,1252424,826.35,412.18,1238.52,413,828,0.00,0.00,0,0
1409616034,s2-eth1,27203.59,1249924.12,1277127.75,1252424,27258,412.18,826.35,1238.52,828,413,0.00,0.00,0,0
1409616034,s2-eth2,1248413.25,27269.46,1275682.62,27324,1250910,825.35,413.17,1238.52,414,827,0.00,0.00,0,0
1409616034,s3-eth1,1248413.25,27203.59,1275616.75,27258,1250910,825.35,412.18,1237.52,413,827,0.00,0.00,0,0
1409616034,s3-eth2,27269.46,1248413.25,1275682.62,1250910,27324,413.17,825.35,1238.52,827,414,0.00,0.00,0,0
1409616034,eth0,0.00,119.76,119.76,120,0,0.00,2.00,2.00,2,0,0.00,0.00,0,0
1409616034,lo,0.00,0.00,0.00,0,0,0.00,0.00,0.00,0,0,0.00,0.00,0,0
1409616034,total,3828493.00,3830058.00,7658551.00,3837718,3836150,3715.57,3717.56,7433.13,3725,3723,0.00,0.00,0,0
1409616035,s1-eth1,27296.70,1251756.25,1279053.00,1253008,27324,413.59,827.17,1240.76,828,414,0.00,0.00,0,0
1409616035,s1-eth2,1250507.00,27335.33,1277842.38,27390,1253008,826.35,414.17,1240.52,415,828,0.00,0.00,0,0
1409616035,s2-eth1,27362.64,1251756.25,1279118.88,1253008,27390,414.59,827.17,1241.76,828,415,0.00,0.00,0,0
1409616035,s2-eth2,1251756.25,27296.70,1279053.00,27324,1253008,827.17,413.59,1240.76,414,828,0.00,0.00,0,0
1409616035,s3-eth1,1251756.25,27362.64,1279118.88,27390,1253008,827.17,414.59,1241.76,415,828,0.00,0.00,0,0
1409616035,s3-eth2,27296.70,1251756.25,1279053.00,1253008,27324,413.59,827.17,1240.76,828,414,0.00,0.00,0,0
1409616035,eth0,0.00,119.88,119.88,120,0,0.00,2.00,2.00,2,0,0.00,0.00,0,0
1409616035,lo,0.00,0.00,0.00,0,0,0.00,0.00,0.00,0,0,0.00,0.00,0,0
1409616035,total,3837225.00,3837410.75,7674635.50,3841248,3841062,3723.28,3726.27,7449.55,3730,3727,0.00,0.00,0,0
1409616036,s1-eth1,27428.57,1251360.62,1278789.25,1252612,27456,415.58,829.17,1244.76,830,416,0.00,0.00,0,0
1409616036,s1-eth2,1251360.62,27362.64,1278723.25,27390,1252612,829.17,414.59,1243.76,415,830,0.00,0.00,0,0
1409616036,s2-eth1,27362.64,1251360.62,1278723.25,1252612,27390,414.59,829.17,1243.76,830,415,0.00,0.00,0,0
1409616036,s2-eth2,1251360.62,27428.57,1278789.25,27456,1252612,829.17,415.58,1244.76,416,830,0.00,0.00,0,0
1409616036,s3-eth1,1251360.62,27362.64,1278723.25,27390,1252612,829.17,414.59,1243.76,415,830,0.00,0.00,0,0
1409616036,s3-eth2,27428.57,1251360.62,1278789.25,1252612,27456,415.58,829.17,1244.76,830,416,0.00,0.00,0,0
1409616036,eth0,59.94,239.76,299.70,240,60,1.00,4.00,5.00,4,1,0.00,0.00,0,0
1409616036,lo,515.48,515.48,1030.97,516,516,8.99,8.99,17.98,9,9,0.00,0.00,0,0
1409616036,total,3836877.25,3836991.00,7673868.50,3840828,3840714,3743.26,3745.25,7488.51,3749,3747,0.00,0.00,0,0
1409616037,s1-eth1,27362.64,1250421.62,1277784.25,1251672,27390,414.59,827.17,1241.76,828,415,0.00,0.00,0,0
1409616037,s1-eth2,1250421.62,27362.64,1277784.25,27390,1251672,827.17,414.59,1241.76,415,828,0.00,0.00,0,0
1409616037,s2-eth1,27362.64,1250421.62,1277784.25,1251672,27390,414.59,827.17,1241.76,828,415,0.00,0.00,0,0
1409616037,s2-eth2,1250421.62,27296.70,1277718.38,27324,1251672,827.17,413.59,1240.76,414,828,0.00,0.00,0,0
1409616037,s3-eth1,1250421.62,27362.64,1277784.25,27390,1251672,827.17,414.59,1241.76,415,828,0.00,0.00,0,0
1409616037,s3-eth2,27296.70,1250421.62,1277718.38,1251672,27324,413.59,827.17,1240.76,828,414,0.00,0.00,0,0
1409616037,eth0,0.00,119.88,119.88,120,0,0.00,2.00,2.00,2,0,0.00,0.00,0,0
1409616037,lo,0.00,0.00,0.00,0,0,0.00,0.00,0.00,0,0,0.00,0.00,0,0
1409616037,total,3833286.75,3833406.75,7666693.50,3837240,3837120,3724.28,3726.27,7450.55,3730,3728,0.00,0.00,0,0
1409616038,s1-eth1,27362.64,1249792.25,1277154.88,1251042,27390,414.59,828.17,1242.76,829,415,0.00,0.00,0,0
1409616038,s1-eth2,1249792.25,27362.64,1277154.88,27390,1251042,828.17,414.59,1242.76,415,829,0.00,0.00,0,0
1409616038,s2-eth1,27362.64,1249792.25,1277154.88,1251042,27390,414.59,828.17,1242.76,829,415,0.00,0.00,0,0
1409616038,s2-eth2,1251304.75,27428.57,1278733.25,27456,1252556,829.17,415.58,1244.76,416,830,0.00,0.00,0,0
1409616038,s3-eth1,1251304.75,27362.64,1278667.38,27390,1252556,829.17,414.59,1243.76,415,830,0.00,0.00,0,0
1409616038,s3-eth2,27428.57,1251304.75,1278733.25,1252556,27456,415.58,829.17,1244.76,830,416,0.00,0.00,0,0
1409616038,eth0,0.00,119.88,119.88,120,0,0.00,2.00,2.00,2,0,0.00,0.00,0,0
1409616038,lo,0.00,0.00,0.00,0,0,0.00,0.00,0.00,0,0,0.00,0.00,0,0
1409616038,total,3834555.50,3833163.00,7667718.50,3836996,3838390,3731.27,3732.27,7463.54,3736,3735,0.00,0.00,0,0
1409616039,s1-eth1,27296.70,1251944.12,1279240.75,1253196,27324,413.59,829.17,1242.76,830,414,0.00,0.00,0,0
1409616039,s1-eth2,1251944.12,27362.64,1279306.75,27390,1253196,829.17,414.59,1243.76,415,830,0.00,0.00,0,0
1409616039,s2-eth1,27362.64,1251944.12,1279306.75,1253196,27390,414.59,829.17,1243.76,830,415,0.00,0.00,0,0
1409616039,s2-eth2,1250431.62,27296.70,1277728.25,27324,1251682,828.17,413.59,1241.76,414,829,0.00,0.00,0,0
1409616039,s3-eth1,1250431.62,27362.64,1277794.25,27390,1251682,828.17,414.59,1242.76,415,829,0.00,0.00,0,0
1409616039,s3-eth2,27296.70,1250431.62,1277728.25,1251682,27324,413.59,828.17,1241.76,829,414,0.00,0.00,0,0
1409616039,eth0,0.00,119.88,119.88,120,0,0.00,2.00,2.00,2,0,0.00,0.00,0,0
1409616039,lo,0.00,0.00,0.00,0,0,0.00,0.00,0.00,0,0,0.00,0.00,0,0
1409616039,total,3834763.25,3836461.75,7671225.00,3840298,3838598,3727.27,3731.27,7458.54,3735,3731,0.00,0.00,0,0
1409616040,s1-eth1,27296.70,1250187.88,1277484.50,1251438,27324,413.59,826.17,1239.76,827,414,0.00,0.00,0,0
1409616040,s1-eth2,1250187.88,27230.77,1277418.62,27258,1251438,826.17,412.59,1238.76,413,827,0.00,0.00,0,0
1409616040,s2-eth1,27230.77,1250187.88,1277418.62,1251438,27258,412.59,826.17,1238.76,827,413,0.00,0.00,0,0
1409616040,s2-eth2,1250187.88,27296.70,1277484.50,27324,1251438,826.17,413.59,1239.76,414,827,0.00,0.00,0,0
1409616040,s3-eth1,1250187.88,27230.77,1277418.62,27258,1251438,826.17,412.59,1238.76,413,827,0.00,0.00,0,0
1409616040,s3-eth2,27296.70,1250187.88,1277484.50,1251438,27324,413.59,826.17,1239.76,827,414,0.00,0.00,0,0
1409616040,eth0,0.00,119.88,119.88,120,0,0.00,2.00,2.00,2,0,0.00,0.00,0,0
1409616040,lo,0.00,0.00,0.00,0,0,0.00,0.00,0.00,0,0,0.00,0.00,0,0
1409616040,total,3832387.75,3832441.75,7664829.50,3836274,3836220,3718.28,3719.28,7437.56,3723,3722,0.00,0.00,0,0
1409616041,s1-eth1,27296.70,1249828.25,1277124.88,1251078,27324,413.59,826.17,1239.76,827,414,0.00,0.00,0,0
1409616041,s1-eth2,1249828.25,27362.64,1277190.88,27390,1251078,826.17,414.59,1240.76,415,827,0.00,0.00,0,0
1409616041,s2-eth1,27362.64,1249828.25,1277190.88,1251078,27390,414.59,826.17,1240.76,827,415,0.00,0.00,0,0
1409616041,s2-eth2,1251340.75,27296.70,1278637.38,27324,1252592,827.17,413.59,1240.76,414,828,0.00,0.00,0,0
1409616041,s3-eth1,1251340.75,27362.64,1278703.38,27390,1252592,827.17,414.59,1241.76,415,828,0.00,0.00,0,0
1409616041,s3-eth2,27296.70,1251340.75,1278637.38,1252592,27324,413.59,827.17,1240.76,828,414,0.00,0.00,0,0
1409616041,eth0,0.00,119.88,119.88,120,0,0.00,2.00,2.00,2,0,0.00,0.00,0,0
1409616041,lo,515.48,515.48,1030.97,516,516,8.99,8.99,17.98,9,9,0.00,0.00,0,0
1409616041,total,3834981.00,3833654.50,7668635.50,3837488,3838816,3731.27,3733.27,7464.54,3737,3735,0.00,0.00,0,0
1409616042,s1-eth1,27362.64,1251238.75,1278601.38,1252490,27390,414.59,828.17,1242.76,829,415,0.00,0.00,0,0
1409616042,s1-eth2,1251238.75,27296.70,1278535.50,27324,1252490,828.17,413.59,1241.76,414,829,0.00,0.00,0,0
1409616042,s2-eth1,27296.70,1251238.75,1278535.50,1252490,27324,413.59,828.17,1241.76,829,414,0.00,0.00,0,0
1409616042,s2-eth2,1249726.25,27362.64,1277089.00,27390,1250976,827.17,414.59,1241.76,415,828,0.00,0.00,0,0
1409616042,s3-eth1,1249726.25,27296.70,1277023.00,27324,1250976,827.17,413.59,1240.76,414,828,0.00,0.00,0,0
1409616042,s3-eth2,27362.64,1249726.25,1277089.00,1250976,27390,414.59,827.17,1241.76,828,415,0.00,0.00,0,0
1409616042,eth0,0.00,59.94,59.94,60,0,0.00,1.00,1.00,1,0,0.00,0.00,0,0
1409616042,lo,0.00,0.00,0.00,0,0,0.00,0.00,0.00,0,0,0.00,0.00,0,0
1409616042,total,3832713.50,3834220.00,7666933.50,3838054,3836546,3725.27,3726.27,7451.55,3730,3729,0.00,0.00,0,0
1409616043,s1-eth1,27296.70,1251126.88,1278423.62,1252378,27324,413.59,828.17,1241.76,829,414,0.00,0.00,0,0
1409616043,s1-eth2,1251126.88,27362.64,1278489.50,27390,1252378,828.17,414.59,1242.76,415,829,0.00,0.00,0,0
1409616043,s2-eth1,27362.64,1251126.88,1278489.50,1252378,27390,414.59,828.17,1242.76,829,415,0.00,0.00,0,0
1409616043,s2-eth2,1251126.88,27296.70,1278423.62,27324,1252378,828.17,413.59,1241.76,414,829,0.00,0.00,0,0
1409616043,s3-eth1,1251126.88,27362.64,1278489.50,27390,1252378,828.17,414.59,1242.76,415,829,0.00,0.00,0,0
1409616043,s3-eth2,27296.70,1251126.88,1278423.62,1252378,27324,413.59,828.17,1241.76,829,414,0.00,0.00,0,0
1409616043,eth0,0.00,0.00,0.00,0,0,0.00,0.00,0.00,0,0,0.00,0.00,0,0
1409616043,lo,0.00,0.00,0.00,0,0,0.00,0.00,0.00,0,0,0.00,0.00,0,0
1409616043,total,3835336.75,3835402.75,7670739.50,3839238,3839172,3726.27,3727.27,7453.55,3731,3730,0.00,0.00,0,0
1409616044,s1-eth1,27362.64,1250599.38,1277962.12,1251850,27390,414.59,828.17,1242.76,829,415,0.00,0.00,0,0
1409616044,s1-eth2,1250599.38,27296.70,1277896.12,27324,1251850,828.17,413.59,1241.76,414,829,0.00,0.00,0,0
1409616044,s2-eth1,27296.70,1250599.38,1277896.12,1251850,27324,413.59,828.17,1241.76,829,414,0.00,0.00,0,0
1409616044,s2-eth2,1250599.38,27362.64,1277962.12,27390,1251850,828.17,414.59,1242.76,415,829,0.00,0.00,0,0
1409616044,s3-eth1,1250599.38,27296.70,1277896.12,27324,1251850,828.17,413.59,1241.76,414,829,0.00,0.00,0,0
1409616044,s3-eth2,27362.64,1250599.38,1277962.12,1251850,27390,414.59,828.17,1242.76,829,415,0.00,0.00,0,0
1409616044,eth0,0.00,0.00,0.00,0,0,0.00,0.00,0.00,0,0,0.00,0.00,0,0
1409616044,lo,0.00,0.00,0.00,0,0,0.00,0.00,0.00,0,0,0.00,0.00,0,0
1409616044,total,3833820.25,3833754.25,7667574.50,3837588,3837654,3727.27,3726.27,7453.55,3730,3731,0.00,0.00,0,0
1409616045,s1-eth1,27362.64,1250553.50,1277916.12,1251804,27390,414.59,829.17,1243.76,830,415,0.00,0.00,0,0
1409616045,s1-eth2,1250553.50,27362.64,1277916.12,27390,1251804,829.17,414.59,1243.76,415,830,0.00,0.00,0,0
1409616045,s2-eth1,27362.64,1250553.50,1277916.12,1251804,27390,414.59,829.17,1243.76,830,415,0.00,0.00,0,0
1409616045,s2-eth2,1250553.50,27362.64,1277916.12,27390,1251804,829.17,414.59,1243.76,415,830,0.00,0.00,0,0
1409616045,s3-eth1,1250553.50,27362.64,1277916.12,27390,1251804,829.17,414.59,1243.76,415,830,0.00,0.00,0,0
1409616045,s3-eth2,27362.64,1250553.50,1277916.12,1251804,27390,414.59,829.17,1243.76,830,415,0.00,0.00,0,0
1409616045,eth0,0.00,0.00,0.00,0,0,0.00,0.00,0.00,0,0,0.00,0.00,0,0
1409616045,lo,0.00,0.00,0.00,0,0,0.00,0.00,0.00,0,0,0.00,0.00,0,0
1409616045,total,3829922.25,3829922.25,7659844.50,3837582,3837582,3727.55,3727.55,7455.09,3735,3735,0.00,0.00,0,0
1409616046,s1-eth1,27269.46,1250618.75,1277888.25,1253120,27324,413.17,826.35,1239.52,828,414,0.00,0.00,0,0
1409616046,s1-eth2,1250618.75,27335.33,1277954.12,27390,1253120,826.35,414.17,1240.52,415,828,0.00,0.00,0,0
1409616046,s2-eth1,27335.33,1250618.75,1277954.12,1253120,27390,414.17,826.35,1240.52,828,415,0.00,0.00,0,0
1409616046,s2-eth2,1250618.75,27269.46,1277888.25,27324,1253120,826.35,413.17,1239.52,414,828,0.00,0.00,0,0
1409616046,s3-eth1,1250618.75,27335.33,1277954.12,27390,1253120,826.35,414.17,1240.52,415,828,0.00,0.00,0,0
1409616046,s3-eth2,27269.46,1250618.75,1277888.25,1253120,27324,413.17,826.35,1239.52,828,414,0.00,0.00,0,0
1409616046,eth0,0.00,0.00,0.00,0,0,0.00,0.00,0.00,0,0,0.00,0.00,0,0
1409616046,lo,515.48,515.48,1030.97,516,516,8.99,8.99,17.98,9,9,0.00,0.00,0,0
1409616046,total,3838076.00,3838142.00,7676218.00,3841980,3841914,3732.27,3733.27,7465.53,3737,3736,0.00,0.00,0,0
1409616047,s1-eth1,27338.66,1250285.75,1277624.38,1251536,27366,414.59,827.17,1241.76,828,415,0.00,0.00,0,0
1409616047,s1-eth2,1250285.75,27338.66,1277624.38,27366,1251536,827.17,414.59,1241.76,415,828,0.00,0.00,0,0
1409616047,s2-eth1,27338.66,1250285.75,1277624.38,1251536,27366,414.59,827.17,1241.76,828,415,0.00,0.00,0,0
1409616047,s2-eth2,1250285.75,27338.66,1277624.38,27366,1251536,827.17,414.59,1241.76,415,828,0.00,0.00,0,0
1409616047,s3-eth1,1250285.75,27338.66,1277624.38,27366,1251536,827.17,414.59,1241.76,415,828,0.00,0.00,0,0
1409616047,s3-eth2,27338.66,1250285.75,1277624.38,1251536,27366,414.59,827.17,1241.76,828,415,0.00,0.00,0,0
1409616047,eth0,0.00,0.00,0.00,0,0,0.00,0.00,0.00,0,0,0.00,0.00,0,0
1409616047,lo,887.11,887.11,1774.23,888,888,8.99,8.99,17.98,9,9,0.00,0.00,0,0
1409616047,total,3833760.25,3833760.25,7667520.50,3837594,3837594,3734.27,3734.27,7468.53,3738,3738,0.00,0.00,0,0
1409616048,s1-eth1,27362.64,1249782.25,1277144.88,1251032,27390,414.59,827.17,1241.76,828,415,0.00,0.00,0,0
1409616048,s1-eth2,1249782.25,27362.64,1277144.88,27390,1251032,827.17,414.59,1241.76,415,828,0.00,0.00,0,0
1409616048,s2-eth1,27362.64,1249782.25,1277144.88,1251032,27390,414.59,827.17,1241.76,828,415,0.00,0.00,0,0
1409616048,s2-eth2,1251294.75,27362.64,1278657.38,27390,1252546,828.17,414.59,1242.76,415,829,0.00,0.00,0,0
1409616048,s3-eth1,1251294.75,27362.64,1278657.38,27390,1252546,828.17,414.59,1242.76,415,829,0.00,0.00,0,0
1409616048,s3-eth2,27362.64,1251294.75,1278657.38,1252546,27390,414.59,828.17,1242.76,829,415,0.00,0.00,0,0
1409616048,eth0,0.00,415.58,415.58,416,0,0.00,2.00,2.00,2,0,0.00,0.00,0,0
1409616048,lo,0.00,0.00,0.00,0,0,0.00,0.00,0.00,0,0,0.00,0.00,0,0
1409616048,total,3834459.75,3833362.75,7667822.50,3837196,3838294,3727.27,3728.27,7455.54,3732,3731,0.00,0.00,0,0
1409616049,s1-eth1,27362.64,1251304.75,1278667.38,1252556,27390,414.59,829.17,1243.76,830,415,0.00,0.00,0,0
1409616049,s1-eth2,1251304.75,27362.64,1278667.38,27390,1252556,829.17,414.59,1243.76,415,830,0.00,0.00,0,0
1409616049,s2-eth1,27362.64,1251304.75,1278667.38,1252556,27390,414.59,829.17,1243.76,830,415,0.00,0.00,0,0
1409616049,s2-eth2,1249792.25,27362.64,1277154.88,27390,1251042,828.17,414.59,1242.76,415,829,0.00,0.00,0,0
1409616049,s3-eth1,1249792.25,27362.64,1277154.88,27390,1251042,828.17,414.59,1242.76,415,829,0.00,0.00,0,0
1409616049,s3-eth2,27362.64,1249792.25,1277154.88,1251042,27390,414.59,828.17,1242.76,829,415,0.00,0.00,0,0
1409616049,eth0,0.00,59.94,59.94,60,0,0.00,1.00,1.00,1,0,0.00,0.00,0,0
1409616049,lo,0.00,0.00,0.00,0,0,0.00,0.00,0.00,0,0,0.00,0.00,0,0
1409616049,total,3832977.25,3834549.50,7667526.50,3838384,3836810,3729.27,3731.27,7460.54,3735,3733,0.00,0.00,0,0
1409616050,s1-eth1,27428.57,1250421.62,1277850.12,1251672,27456,415.58,827.17,1242.76,828,416,0.00,0.00,0,0
1409616050,s1-eth2,1250421.62,27362.64,1277784.25,27390,1251672,827.17,414.59,1241.76,415,828,0.00,0.00,0,0
1409616050,s2-eth1,27362.64,1250421.62,1277784.25,1251672,27390,414.59,827.17,1241.76,828,415,0.00,0.00,0,0
1409616050,s2-eth2,1250421.62,27362.64,1277784.25,27390,1251672,827.17,414.59,1241.76,415,828,0.00,0.00,0,0
1409616050,s3-eth1,1250421.62,27362.64,1277784.25,27390,1251672,827.17,414.59,1241.76,415,828,0.00,0.00,0,0
1409616050,s3-eth2,27362.64,1250421.62,1277784.25,1251672,27390,414.59,827.17,1241.76,828,415,0.00,0.00,0,0
1409616050,eth0,0.00,119.88,119.88,120,0,0.00,2.00,2.00,2,0,0.00,0.00,0,0
1409616050,lo,0.00,0.00,0.00,0,0,0.00,0.00,0.00,0,0,0.00,0.00,0,0
1409616050,total,3833418.75,3833472.75,7666891.50,3837306,3837252,3726.27,3727.27,7453.55,3731,3730,0.00,0.00,0,0
1409616051,s1-eth1,27296.70,1249792.25,1277089.00,1251042,27324,413.59,828.17,1241.76,829,414,0.00,0.00,0,0
1409616051,s1-eth2,1249792.25,27362.64,1277154.88,27390,1251042,828.17,414.59,1242.76,415,829,0.00,0.00,0,0
1409616051,s2-eth1,27362.64,1249792.25,1277154.88,1251042,27390,414.59,828.17,1242.76,829,415,0.00,0.00,0,0
1409616051,s2-eth2,1251304.75,27362.64,1278667.38,27390,1252556,829.17,414.59,1243.76,415,830,0.00,0.00,0,0
1409616051,s3-eth1,1251304.75,27362.64,1278667.38,27390,1252556,829.17,414.59,1243.76,415,830,0.00,0.00,0,0
1409616051,s3-eth2,27362.64,1251304.75,1278667.38,1252556,27390,414.59,829.17,1243.76,830,415,0.00,0.00,0,0
1409616051,eth0,0.00,119.88,119.88,120,0,0.00,2.00,2.00,2,0,0.00,0.00,0,0
1409616051,lo,515.48,515.48,1030.97,516,516,8.99,8.99,17.98,9,9,0.00,0.00,0,0
1409616051,total,3834939.25,3833612.50,7668551.50,3837446,3838774,3738.26,3740.26,7478.52,3744,3742,0.00,0.00,0,0
1409616052,s1-eth1,27296.70,1250243.75,1277540.50,1251494,27324,413.59,826.17,1239.76,827,414,0.00,0.00,0,0
1409616052,s1-eth2,1250243.75,27296.70,1277540.50,27324,1251494,826.17,413.59,1239.76,414,827,0.00,0.00,0,0
1409616052,s2-eth1,27296.70,1250243.75,1277540.50,1251494,27324,413.59,826.17,1239.76,827,414,0.00,0.00,0,0
1409616052,s2-eth2,1250243.75,27296.70,1277540.50,27324,1251494,826.17,413.59,1239.76,414,827,0.00,0.00,0,0
1409616052,s3-eth1,1250243.75,27296.70,1277540.50,27324,1251494,826.17,413.59,1239.76,414,827,0.00,0.00,0,0
1409616052,s3-eth2,27296.70,1250243.75,1277540.50,1251494,27324,413.59,826.17,1239.76,827,414,0.00,0.00,0,0
1409616052,eth0,0.00,179.82,179.82,180,0,0.00,3.00,3.00,3,0,0.00,0.00,0,0
1409616052,lo,0.00,0.00,0.00,0,0,0.00,0.00,0.00,0,0,0.00,0.00,0,0
1409616052,total,3832621.50,3832801.25,7665423.00,3836634,3836454,3719.28,3722.28,7441.56,3726,3723,0.00,0.00,0,0
1409616053,s1-eth1,27428.57,1251294.75,1278723.25,1252546,27456,415.58,828.17,1243.76,829,416,0.00,0.00,0,0
1409616053,s1-eth2,1251294.75,27362.64,1278657.38,27390,1252546,828.17,414.59,1242.76,415,829,0.00,0.00,0,0
1409616053,s2-eth1,27362.64,1251294.75,1278657.38,1252546,27390,414.59,828.17,1242.76,829,415,0.00,0.00,0,0
1409616053,s2-eth2,1249782.25,27428.57,1277210.88,27456,1251032,827.17,415.58,1242.76,416,828,0.00,0.00,0,0
1409616053,s3-eth1,1249782.25,27362.64,1277144.88,27390,1251032,827.17,414.59,1241.76,415,828,0.00,0.00,0,0
1409616053,s3-eth2,27428.57,1249782.25,1277210.88,1251032,27456,415.58,827.17,1242.76,828,416,0.00,0.00,0,0
1409616053,eth0,0.00,119.88,119.88,120,0,0.00,2.00,2.00,2,0,0.00,0.00,0,0
1409616053,lo,0.00,0.00,0.00,0,0,0.00,0.00,0.00,0,0,0.00,0.00,0,0
1409616053,total,3833079.00,3834645.50,7667724.50,3838480,3836912,3728.27,3730.27,7458.54,3734,3732,0.00,0.00,0,0
1409616054,s1-eth1,27362.64,1250487.50,1277850.12,1251738,27390,414.59,828.17,1242.76,829,415,0.00,0.00,0,0
1409616054,s1-eth2,1249239.50,27335.33,1276574.88,27390,1251738,827.35,414.17,1241.52,415,829,0.00,0.00,0,0
1409616054,s2-eth1,27335.33,1249239.50,1276574.88,1251738,27390,414.17,827.35,1241.52,829,415,0.00,0.00,0,0
1409616054,s2-eth2,1249239.50,27335.33,1276574.88,27390,1251738,827.35,414.17,1241.52,415,829,0.00,0.00,0,0
1409616054,s3-eth1,1249239.50,27335.33,1276574.88,27390,1251738,827.35,414.17,1241.52,415,829,0.00,0.00,0,0
1409616054,s3-eth2,27335.33,1249239.50,1276574.88,1251738,27390,414.17,827.35,1241.52,829,415,0.00,0.00,0,0
1409616054,eth0,0.00,119.76,119.76,120,0,0.00,2.00,2.00,2,0,0.00,0.00,0,0
1409616054,lo,0.00,0.00,0.00,0,0,0.00,0.00,0.00,0,0,0.00,0.00,0,0
1409616054,total,3829724.75,3829844.50,7659569.00,3837504,3837384,3724.55,3726.55,7451.10,3734,3732,0.00,0.00,0,0
1409616055,s1-eth1,27269.46,1249924.12,1277193.62,1252424,27324,413.17,826.35,1239.52,828,414,0.00,0.00,0,0
1409616055,s1-eth2,1252685.38,27362.64,1280048.00,27390,1253938,828.17,414.59,1242.76,415,829,0.00,0.00,0,0
1409616055,s2-eth1,27362.64,1252685.38,1280048.00,1253938,27390,414.59,828.17,1242.76,829,415,0.00,0.00,0,0
1409616055,s2-eth2,1252685.38,27296.70,1279982.00,27324,1253938,828.17,413.59,1241.76,414,829,0.00,0.00,0,0
1409616055,s3-eth1,1252685.38,27362.64,1280048.00,27390,1253938,828.17,414.59,1242.76,415,829,0.00,0.00,0,0
1409616055,s3-eth2,27296.70,1252685.38,1279982.00,1253938,27324,413.59,828.17,1241.76,829,414,0.00,0.00,0,0
1409616055,eth0,59.94,239.76,299.70,240,60,1.00,4.00,5.00,4,1,0.00,0.00,0,0
1409616055,lo,0.00,0.00,0.00,0,0,0.00,0.00,0.00,0,0,0.00,0.00,0,0
1409616055,total,3840072.00,3838805.25,7678877.50,3842644,3843912,3727.27,3730.27,7457.54,3734,3731,0.00,0.00,0,0
1409616056,s1-eth1,27362.64,1251304.75,1278667.38,1252556,27390,414.59,829.17,1243.76,830,415,0.00,0.00,0,0
1409616056,s1-eth2,1249792.25,27296.70,1277089.00,27324,1251042,828.17,413.59,1241.76,414,829,0.00,0.00,0,0
1409616056,s2-eth1,27296.70,1249792.25,1277089.00,1251042,27324,413.59,828.17,1241.76,829,414,0.00,0.00,0,0
1409616056,s2-eth2,1249792.25,27362.64,1277154.88,27390,1251042,828.17,414.59,1242.76,415,829,0.00,0.00,0,0
1409616056,s3-eth1,1248279.75,27296.70,1275576.50,27324,1249528,827.17,413.59,1240.76,414,828,0.00,0.00,0,0
1409616056,s3-eth2,27362.64,1249792.25,1277154.88,1251042,27390,414.59,828.17,1242.76,829,415,0.00,0.00,0,0
1409616056,eth0,0.00,119.88,119.88,120,0,0.00,2.00,2.00,2,0,0.00,0.00,0,0
1409616056,lo,515.48,515.48,1030.97,516,516,8.99,8.99,17.98,9,9,0.00,0.00,0,0
1409616056,total,3830401.75,3833480.50,7663882.50,3837314,3834232,3735.26,3738.26,7473.53,3742,3739,0.00,0.00,0,0
1409616057,s1-eth1,27362.64,1250431.62,1277794.25,1251682,27390,414.59,828.17,1242.76,829,415,0.00,0.00,0,0
1409616057,s1-eth2,1250431.62,27362.64,1277794.25,27390,1251682,828.17,414.59,1242.76,415,829,0.00,0.00,0,0
1409616057,s2-eth1,27362.64,1250431.62,1277794.25,1251682,27390,414.59,828.17,1242.76,829,415,0.00,0.00,0,0
1409616057,s2-eth2,1250431.62,27362.64,1277794.25,27390,1251682,828.17,414.59,1242.76,415,829,0.00,0.00,0,0
1409616057,s3-eth1,1251944.12,27362.64,1279306.75,27390,1253196,829.17,414.59,1243.76,415,830,0.00,0.00,0,0
1409616057,s3-eth2,27362.64,1250431.62,1277794.25,1251682,27390,414.59,828.17,1242.76,829,415,0.00,0.00,0,0
1409616057,eth0,0.00,59.94,59.94,60,0,0.00,1.00,1.00,1,0,0.00,0.00,0,0
1409616057,lo,0.00,0.00,0.00,0,0,0.00,0.00,0.00,0,0,0.00,0.00,0,0
1409616057,total,3834895.25,3833442.75,7668338.00,3837276,3838730,3729.27,3729.27,7458.54,3733,3733,0.00,0.00,0,0
1409616058,s1-eth1,27296.70,1251868.12,1279164.88,1253120,27324,413.59,827.17,1240.76,828,414,0.00,0.00,0,0
1409616058,s1-eth2,1251868.12,27362.64,1279230.75,27390,1253120,827.17,414.59,1241.76,415,828,0.00,0.00,0,0
1409616058,s2-eth1,27362.64,1251868.12,1279230.75,1253120,27390,414.59,827.17,1241.76,828,415,0.00,0.00,0,0
1409616058,s2-eth2,1251868.12,27296.70,1279164.88,27324,1253120,827.17,413.59,1240.76,414,828,0.00,0.00,0,0
1409616058,s3-eth1,1251868.12,27362.64,1279230.75,27390,1253120,827.17,414.59,1241.76,415,828,0.00,0.00,0,0
1409616058,s3-eth2,27296.70,1251868.12,1279164.88,1253120,27324,413.59,827.17,1240.76,828,414,0.00,0.00,0,0
1409616058,eth0,0.00,119.88,119.88,120,0,0.00,2.00,2.00,2,0,0.00,0.00,0,0
1409616058,lo,0.00,0.00,0.00,0,0,0.00,0.00,0.00,0,0,0.00,0.00,0,0
1409616058,total,3837560.50,3837746.25,7675307.00,3841584,3841398,3723.28,3726.27,7449.55,3730,3727,0.00,0.00,0,0
1409616059,s1-eth1,27296.70,1249660.38,1276957.12,1250910,27324,413.59,826.17,1239.76,827,414,0.00,0.00,0,0
1409616059,s1-eth2,1249660.38,27296.70,1276957.12,27324,1250910,826.17,413.59,1239.76,414,827,0.00,0.00,0,0
1409616059,s2-eth1,27296.70,1249660.38,1276957.12,1250910,27324,413.59,826.17,1239.76,827,414,0.00,0.00,0,0
1409616059,s2-eth2,1249660.38,27362.64,1277023.00,27390,1250910,826.17,414.59,1240.76,415,827,0.00,0.00,0,0
1409616059,s3-eth1,1249660.38,27296.70,1276957.12,27324,1250910,826.17,413.59,1239.76,414,827,0.00,0.00,0,0
1409616059,s3-eth2,27362.64,1249660.38,1277023.00,1250910,27390,414.59,826.17,1240.76,827,415,0.00,0.00,0,0
1409616059,eth0,0.00,119.88,119.88,120,0,0.00,2.00,2.00,2,0,0.00,0.00,0,0
1409616059,lo,0.00,0.00,0.00,0,0,0.00,0.00,0.00,0,0,0.00,0.00,0,0
1409616059,total,3830937.25,3831057.00,7661994.00,3834888,3834768,3720.28,3722.28,7442.56,3726,3724,0.00,0.00,0,0
1409616060,s1-eth1,27362.64,1251172.88,1278535.50,1252424,27390,414.59,827.17,1241.76,828,415,0.00,0.00,0,0
1409616060,s1-eth2,1251172.88,27296.70,1278469.62,27324,1252424,827.17,413.59,1240.76,414,828,0.00,0.00,0,0
1409616060,s2-eth1,27296.70,1251172.88,1278469.62,1252424,27324,413.59,827.17,1240.76,828,414,0.00,0.00,0,0
1409616060,s2-eth2,1251172.88,27296.70,1278469.62,27324,1252424,827.17,413.59,1240.76,414,828,0.00,0.00,0,0
1409616060,s3-eth1,1251172.88,27296.70,1278469.62,27324,1252424,827.17,413.59,1240.76,414,828,0.00,0.00,0,0
1409616060,s3-eth2,27296.70,1251172.88,1278469.62,1252424,27324,413.59,827.17,1240.76,828,414,0.00,0.00,0,0
1409616060,eth0,0.00,119.88,119.88,120,0,0.00,2.00,2.00,2,0,0.00,0.00,0,0
1409616060,lo,0.00,0.00,0.00,0,0,0.00,0.00,0.00,0,0,0.00,0.00,0,0
1409616060,total,3835474.75,3835528.50,7671003.00,3839364,3839310,3723.28,3724.28,7447.55,3728,3727,0.00,0.00,0,0
1409616061,s1-eth1,27296.70,1250431.62,1277728.25,1251682,27324,413.59,828.17,1241.76,829,414,0.00,0.00,0,0
1409616061,s1-eth2,1250431.62,27362.64,1277794.25,27390,1251682,828.17,414.59,1242.76,415,829,0.00,0.00,0,0
1409616061,s2-eth1,27362.64,1250431.62,1277794.25,1251682,27390,414.59,828.17,1242.76,829,415,0.00,0.00,0,0
1409616061,s2-eth2,1250431.62,27296.70,1277728.25,27324,1251682,828.17,413.59,1241.76,414,829,0.00,0.00,0,0
1409616061,s3-eth1,1250431.62,27362.64,1277794.25,27390,1251682,828.17,414.59,1242.76,415,829,0.00,0.00,0,0
1409616061,s3-eth2,27296.70,1250431.62,1277728.25,1251682,27324,413.59,828.17,1241.76,829,414,0.00,0.00,0,0
1409616061,eth0,0.00,59.94,59.94,60,0,0.00,1.00,1.00,1,0,0.00,0.00,0,0
1409616061,lo,515.48,515.48,1030.97,516,516,8.99,8.99,17.98,9,9,0.00,0.00,0,0
1409616061,total,3833766.25,3833892.25,7667658.50,3837726,3837600,3735.26,3737.26,7472.53,3741,3739,0.00,0.00,0,0
1409616062,s1-eth1,10087.91,446549.47,456637.38,446996,10098,152.85,297.70,450.55,298,153,0.00,0.00,0,0
1409616062,s1-eth2,448061.94,10021.98,458083.94,10032,448510,298.70,151.85,450.55,152,299,0.00,0.00,0,0
1409616062,s2-eth1,10021.98,448061.94,458083.94,448510,10032,151.85,298.70,450.55,299,152,0.00,0.00,0,0
1409616062,s2-eth2,449574.44,10021.98,459596.41,10032,450024,299.70,151.85,451.55,152,300,0.00,0.00,0,0
1409616062,s3-eth1,451086.94,9956.04,461042.97,9966,451538,300.70,150.85,451.55,151,301,0.00,0.00,0,0
1409616062,s3-eth2,10021.98,449574.44,459596.41,450024,10032,151.85,299.70,451.55,300,152,0.00,0.00,0,0
1409616062,eth0,0.00,0.00,0.00,0,0,0.00,0.00,0.00,0,0,0.00,0.00,0,0
1409616062,lo,0.00,0.00,0.00,0,0,0.00,0.00,0.00,0,0,0.00,0.00,0,0
1409616062,total,1380234.00,1375560.00,2755794.00,1375560,1380234,1357.00,1352.00,2709.00,1352,1357,0.00,0.00,0,0
1409616063,s1-eth1,0.00,0.00,0.00,0,0,0.00,0.00,0.00,0,0,0.00,0.00,0,0
1409616063,s1-eth2,0.00,0.00,0.00,0,0,0.00,0.00,0.00,0,0,0.00,0.00,0,0
1409616063,s2-eth1,0.00,0.00,0.00,0,0,0.00,0.00,0.00,0,0,0.00,0.00,0,0
1409616063,s2-eth2,0.00,0.00,0.00,0,0,0.00,0.00,0.00,0,0,0.00,0.00,0,0
1409616063,s3-eth1,0.00,0.00,0.00,0,0,0.00,0.00,0.00,0,0,0.00,0.00,0,0
1409616063,s3-eth2,0.00,0.00,0.00,0,0,0.00,0.00,0.00,0,0,0.00,0.00,0,0
1409616063,eth0,0.00,0.00,0.00,0,0,0.00,0.00,0.00,0,0,0.00,0.00,0,0
1409616063,lo,0.00,0.00,0.00,0,0,0.00,0.00,0.00,0,0,0.00,0.00,0,0
1409616063,total,0.00,0.00,0.00,0,0,0.00,0.00,0.00,0,0,0.00,0.00,0,0
1409616064,s1-eth1,0.00,0.00,0.00,0,0,0.00,0.00,0.00,0,0,0.00,0.00,0,0
1409616064,s1-eth2,0.00,0.00,0.00,0,0,0.00,0.00,0.00,0,0,0.00,0.00,0,0
1409616064,s2-eth1,0.00,0.00,0.00,0,0,0.00,0.00,0.00,0,0,0.00,0.00,0,0
1409616064,s2-eth2,0.00,0.00,0.00,0,0,0.00,0.00,0.00,0,0,0.00,0.00,0,0
1409616064,s3-eth1,0.00,0.00,0.00,0,0,0.00,0.00,0.00,0,0,0.00,0.00,0,0
1409616064,s3-eth2,0.00,0.00,0.00,0,0,0.00,0.00,0.00,0,0,0.00,0.00,0,0
1409616064,eth0,0.00,0.00,0.00,0,0,0.00,0.00,0.00,0,0,0.00,0.00,0,0
1409616064,lo,0.00,0.00,0.00,0,0,0.00,0.00,0.00,0,0,0.00,0.00,0,0
1409616064,total,0.00,0.00,0.00,0,0,0.00,0.00,0.00,0,0,0.00,0.00,0,0
1409616065,s1-eth1,0.00,0.00,0.00,0,0,0.00,0.00,0.00,0,0,0.00,0.00,0,0
1409616065,s1-eth2,0.00,0.00,0.00,0,0,0.00,0.00,0.00,0,0,0.00,0.00,0,0
1409616065,s2-eth1,0.00,0.00,0.00,0,0,0.00,0.00,0.00,0,0,0.00,0.00,0,0
1409616065,s2-eth2,0.00,0.00,0.00,0,0,0.00,0.00,0.00,0,0,0.00,0.00,0,0
1409616065,s3-eth1,0.00,0.00,0.00,0,0,0.00,0.00,0.00,0,0,0.00,0.00,0,0
1409616065,s3-eth2,0.00,0.00,0.00,0,0,0.00,0.00,0.00,0,0,0.00,0.00,0,0
1409616065,eth0,0.00,0.00,0.00,0,0,0.00,0.00,0.00,0,0,0.00,0.00,0,0
1409616065,lo,0.00,0.00,0.00,0,0,0.00,0.00,0.00,0,0,0.00,0.00,0,0
1409616065,total,0.00,0.00,0.00,0,0,0.00,0.00,0.00,0,0,0.00,0.00,0,0
1409616066,s1-eth1,0.00,0.00,0.00,0,0,0.00,0.00,0.00,0,0,0.00,0.00,0,0
1409616066,s1-eth2,0.00,0.00,0.00,0,0,0.00,0.00,0.00,0,0,0.00,0.00,0,0
1409616066,s2-eth1,0.00,0.00,0.00,0,0,0.00,0.00,0.00,0,0,0.00,0.00,0,0
1409616066,s2-eth2,0.00,0.00,0.00,0,0,0.00,0.00,0.00,0,0,0.00,0.00,0,0
1409616066,s3-eth1,0.00,0.00,0.00,0,0,0.00,0.00,0.00,0,0,0.00,0.00,0,0
1409616066,s3-eth2,0.00,0.00,0.00,0,0,0.00,0.00,0.00,0,0,0.00,0.00,0,0
1409616066,eth0,0.00,0.00,0.00,0,0,0.00,0.00,0.00,0,0,0.00,0.00,0,0
1409616066,lo,516.00,516.00,1032.00,516,516,9.00,9.00,18.00,9,9,0.00,0.00,0,0
1409616066,total,516.00,516.00,1032.00,516,516,9.00,9.00,18.00,